gene_id	gene_length	11%	44%	7%	56%
contig_220930_2	831	2.3658	0	0	0
contig_59656_5	702	0	0	0	0
contig_833755_5	594	0	1.082	0	0
contig_2150_2	1134	0	0	0	0
contig_366193_15	549	0.3114	1.4634	0	0
contig_126782_3	669	0	0.3603	0	0
contig_913200_1	675	0	0	0	0
contig_761603_1	777	6.1606	1.034	4.7862	1.7521
contig_128927_1	1611	0	0	0	0
contig_145221_1	1074	0	0.1496	0	0
contig_421835_1	1041	0	1.8522	0.2233	0
contig_583941_2	588	0	0	0	0
contig_289446_7	489	0	0	0	0
contig_939229_1	1008	1.5264	0.4782	0.6918	0
contig_1054563_1	1305	0	0	0	0
contig_46667_1	1668	0	0	0	0
contig_121435_2	1245	0	0	0	0.3124
contig_158234_1	516	0	0	0	0.7538
contig_259030_2	1797	1.1416	0	0.6467	0
contig_67596_1	678	0	0.474	0	0
contig_471342_1	1356	0	0	0	0
contig_1063821_1	609	0.5614	0	0	0
contig_1048610_3	1056	0	0	0	0
contig_1020922_1	567	0	0	0	0
contig_926914_1	1077	0.9524	0	1.7265	0
contig_888045_1	1029	0	0	0	0
contig_812178_2	1131	0	0	0	0
contig_697439_6	1797	0	0	0	0
contig_428988_5	1788	0.7649	0.3595	0	0.979
contig_84353_26	1797	0	0	0	0
contig_107541_4	831	0	0	1.3985	0
contig_1078400_1	1473	0	0	0	0
contig_394074_1	1701	0	0.3778	0.1366	0
contig_435020_1	1050	0	0	0	1.1114
contig_425295_4	1797	0	0	0	0
contig_1081871_1	1032	0	0	0	2.8269
contig_676585_2	816	0	0	0	0
contig_1038154_4	939	0	0	0	0
contig_783150_1	1224	1.4665	0	0	0
contig_439937_1	606	0	0	0	0
contig_372881_2	600	0.1425	1.4729	0	0
contig_151607_20	570	0	0	0	0
contig_116632_1	1611	0	1.1969	0	2.2938
contig_436357_3	441	0	0	0	3.5281
contig_557054_1	807	0	0	0	0
contig_322403_6	588	2.9074	0	0	0
contig_646525_2	1386	0	0	0	0
contig_951153_1	840	1.6281	0	0	0
contig_267622_1	1092	0.1566	0	0	0
contig_658309_1	561	0	1.1456	0	0
contig_740241_1	1047	0.0816	0	0.222	2.2291
contig_463269_58	1788	0.2868	0.5392	1.5599	0.1088
contig_674906_3	627	1.9086	0.1281	0.3707	6.8241
contig_634042_1	1137	0	0	0	0
contig_783498_1	936	0	0	0	0
contig_879698_1	1284	0	0	0	0
contig_1055791_3	1662	0	0	1.8181	0
contig_987169_1	1074	0	0	0	0
contig_52295_2	1776	0	0.9047	0	0.438
contig_111260_2	966	0	0	0	0
contig_805559_2	942	0	0	0	0
contig_427449_1	1773	0	0	0	1.5357
contig_17916_2	1365	0	0	1.6177	0
contig_414112_1	1407	0.1823	0	0.6608	0
contig_314341_12	774	0	0	0	0
contig_881861_1	1647	0.519	0.4878	0	0
contig_333790_1	1107	0.4633	0	0	0
contig_588855_1	1293	0	0	0	0
contig_844705_1	741	0	0	0	0.7874
contig_55992_1	1707	1.5523	0.4706	0.4085	2.1078
contig_833204_1	708	0	0	0	0
contig_354227_2	1785	0.6225	2.3404	0.586	2.9418
contig_250839_8	1821	9.7635	0	4.4674	0
contig_937754_1	1203	0	0	1.6423	0
contig_786273_1	885	0	0	0	1.7581
contig_653824_4	1797	0	0	0	0
contig_697457_1	1029	0	0	0	0
contig_1095929_5	1485	0	0	0	0
contig_1005788_2	762	0.5609	0	0	0.1276
contig_570377_2	1680	0	0.3826	0	1.0419
contig_496331_1	687	0	0	0	0
contig_364454_1	846	0	0	0	0
contig_966814_11	1872	0	0	0	0
contig_833272_1	594	0	0	0	0
contig_11530_2	735	0	0	0	0
contig_237978_2	1785	2.8732	0.7201	0.7813	2.1791
contig_317688_1	1005	0	0	0	0
contig_973732_11	1827	0.7486	0	0	0
contig_1006615_1	702	0.2435	3.4333	0	1.5238
contig_987065_1	1071	0	0.4501	0	0
contig_778087_1	942	0	0	0	0
contig_68799_1	1437	0.2379	0	0.8087	1.0827
contig_220766_1	1005	0	0	0	0
contig_887579_1	1128	0	0	0	0.6897
contig_108082_1	1083	0	0	1.9316	0
contig_709851_1	561	0.9142	0	0.8286	0
contig_123455_4	852	0	0	0	0
contig_336585_2	561	0	0	0	0
contig_769709_1	624	0	0	0	0.6234
contig_691444_1	693	0	0	0	0
contig_1030466_1	999	0	0.6434	0	0
contig_274879_1	1653	0	0	0	0
contig_301700_3	615	0	0	0	2.2137
contig_128434_1	927	0	0	0	0
contig_442921_1	513	0	0	0	0
contig_874747_3	708	0	0	0	0
contig_741528_1	849	0	0	0.4107	0
contig_677435_1	1806	0	0	0.2574	0
contig_1079907_2	1671	0.0512	0	0	0
contig_949944_1	870	0	0	0	0
contig_762751_4	822	0	0	1.4138	0
contig_1050546_6	1203	0	0	0	0
contig_121946_33	1788	0	0.2696	0	0
contig_648565_4	915	0	0	0	0
contig_23470_1	588	0	0	0	0
contig_806610_1	1017	0.9245	3.0018	0.2285	0
contig_303565_2	1110	1.6942	0.579	0	1.9274
contig_987883_1	1185	0	0	0.0981	1.313
contig_641784_5	1803	0	0	0	0
contig_950736_1	699	0	0	0	0
contig_142511_1	747	0	0	0	0
contig_964949_1	864	0	0	0	0
contig_103367_2	888	0	0	0	0
contig_400785_2	984	0	0	0	1.1859
contig_230794_2	1053	3.0035	1.6785	0	1.4776
contig_691752_1	705	0	0.6837	0	0
contig_1051990_1	666	2.3102	0	0	0
contig_900277_1	861	0	0	0	0
contig_369844_1	1257	0	0	0	0
contig_783246_2	690	0	0	1.6843	0
contig_426002_2	954	0	0	0	0
contig_683897_1	1584	0.3238	0	1.0272	0
contig_865635_1	1017	0	0	0	0
contig_444452_5	1227	0	0	0	0
contig_503559_1	1029	0	0	0	0
contig_959656_1	843	0	0	0	0
contig_894284_1	1269	0.3368	0	0	0
contig_692736_1	681	0	1.8875	0	0
contig_691286_2	1770	0.1932	1.1801	0.2626	1.3186
contig_76817_3	1806	0	0	0	0
contig_165300_1	951	0.1798	0	0	0
contig_318357_1	1212	0	0	0	0
contig_1024826_1	1317	0	0	0	0
contig_1001188_1	1131	0.3023	0	0	0
contig_64964_1	1053	0	0	0.8829	0
contig_787638_1	882	0	2.095	0	1.2128
contig_779337_40	1791	0	0	2.8551	0
contig_160080_1	1014	0	0	0	0
contig_693950_3	972	0	0	0	0
contig_365152_3	1776	0	0	0	0.6571
contig_122782_19	1791	0	0	2.7902	0
contig_888988_1	1083	0	0	0	0
contig_984062_4	762	0	0	0	0
contig_697097_1	639	0	0	0	0
contig_362999_2	516	0	0	0	0
contig_989963_1	1713	0	0	0.0678	0
contig_840987_1	1113	0	0	0	0
contig_783000_2	1149	0	0	0	0
contig_1073545_7	1797	0.9513	0	0	0
contig_957349_1	1077	0	0	0	0
contig_693533_3	594	0	0	0	0
contig_117314_1	1098	0.4671	0	0	0
contig_160222_1	558	0	0	2.4993	0
contig_373450_1	597	0	0	3.1147	0
contig_43897_1	1569	1.1985	1.2289	0	0
contig_377710_1	1320	0	0	0	0
contig_94511_1	1179	0	0	0	0
contig_299973_5	1779	0.2883	0.9032	2.4824	0
contig_390683_2	1794	0	1.0748	0	0
contig_734584_1	726	0	0	0	3.2147
contig_131077_14	1770	0	0	0	0
contig_133695_1	1065	0	0	0	0
contig_719596_1	1164	0	0	0	0
contig_686098_1	1341	0	0	0	0
contig_803661_7	720	0	0	0	0
contig_696176_1	1143	0	0	2.4402	0
contig_598001_2	873	0	0	0	0
contig_1025701_1	1752	0	0	0	0
contig_683023_2	855	0	0	0	0
contig_584803_2	1332	0	0	0.1745	0
contig_1040951_1	513	0	0	0	0
contig_910915_1	1182	0	0	0	0
contig_696029_2	756	0	0	0	0
contig_141947_1	1326	0	0	0.0876	0
contig_279694_2	1026	0.9164	0	0	0