soil_type	pH	sample_id	sample_label	replicate	soil_g	measured_percS	WP	water_PerTotalSoil	water_perDrySoil	bulk_density_gPercm3	volumetric_moisture_perTotSoil_rhoW	volumetric_moisture_perDrySoil_rhoW	time_min	h2_ppmv_raw	bulk_vol_soil_ml	porosity	vol_solids_ml	bottle_vol_ml	vol_HS_ml	vol_HS_dilution	h2_ppm_InDilution	h2_ppmv_dil_corr
Forest	4.2	3.5	6	1	2	3.3	-71.5	0.084	0.091	0.471	0.040	0.043	0	0.674	4	0.6	1.6	240	238.4	2	0.7	0.674
Forest	4.2	3.5	6	1	2	3.3	-71.5	0.084	0.091	0.471	0.040	0.043	14	0.764	4	0.6	1.6	240	238.4	2	0.6	0.765
Forest	4.2	3.5	6	1	2	3.3	-71.5	0.084	0.091	0.471	0.040	0.043	27	0.664	4	0.6	1.6	240	238.4	2	0.6	0.664
Forest	4.2	3.5	6	1	2	3.3	-71.5	0.084	0.091	0.471	0.040	0.043	43	0.573	4	0.6	1.6	240	238.4	2	0.6	0.573
Forest	4.2	3.5	6	1	2	3.3	-71.5	0.084	0.091	0.471	0.040	0.043	62	0.497	4	0.6	1.6	240	238.4	2	0.6	0.496
Forest	4.2	3.5	6	1	2	3.3	-71.5	0.084	0.091	0.471	0.040	0.043	94	0.531	4	0.6	1.6	240	238.4	2	0.6	0.530
Forest	4.2	3.5	6	1	2	3.3	-71.5	0.084	0.091	0.471	0.040	0.043	115	0.303	4	0.6	1.6	240	238.4	2	0.6	0.301
Forest	4.2	3.5	6	1	2	3.3	-71.5	0.084	0.091	0.471	0.040	0.043	147	0.341	4	0.6	1.6	240	238.4	2	0.6	0.339
Forest	4.2	3.5	6	1	2	3.3	-71.5	0.084	0.091	0.471	0.040	0.043	188	0.231	4	0.6	1.6	240	238.4	2	0.6	0.227
Forest	4.2	3.5	6	1	2	3.3	-71.5	0.084	0.091	0.471	0.040	0.043	219	0.199	4	0.6	1.6	240	238.4	2	0.6	0.196
Forest	4.2	3.5	6	1	2	3.3	-71.5	0.084	0.091	0.471	0.040	0.043	234	0.197	4	0.6	1.6	240	238.4	2	0.6	0.193
Forest	4.2	3.5	6	2	2	3.3	-69.5	0.084	0.092	0.471	0.040	0.043	0	0.592	4	0.6	1.6	240	238.4	2	0.7	0.591
Forest	4.2	3.5	6	2	2	3.3	-69.5	0.084	0.092	0.471	0.040	0.043	13	0.588	4	0.6	1.6	240	238.4	2	0.6	0.588
Forest	4.2	3.5	6	2	2	3.3	-69.5	0.084	0.092	0.471	0.040	0.043	26	0.519	4	0.6	1.6	240	238.4	2	0.6	0.519
Forest	4.2	3.5	6	2	2	3.3	-69.5	0.084	0.092	0.471	0.040	0.043	42	0.506	4	0.6	1.6	240	238.4	2	0.6	0.506
Forest	4.2	3.5	6	2	2	3.3	-69.5	0.084	0.092	0.471	0.040	0.043	61	0.365	4	0.6	1.6	240	238.4	2	0.6	0.363
Forest	4.2	3.5	6	2	2	3.3	-69.5	0.084	0.092	0.471	0.040	0.043	93	0.446	4	0.6	1.6	240	238.4	2	0.6	0.444
Forest	4.2	3.5	6	2	2	3.3	-69.5	0.084	0.092	0.471	0.040	0.043	115	0.378	4	0.6	1.6	240	238.4	2	0.6	0.376
Forest	4.2	3.5	6	2	2	3.3	-69.5	0.084	0.092	0.471	0.040	0.043	146	0.370	4	0.6	1.6	240	238.4	2	0.6	0.368
Forest	4.2	3.5	6	2	2	3.3	-69.5	0.084	0.092	0.471	0.040	0.043	187	0.227	4	0.6	1.6	240	238.4	2	0.6	0.224
Forest	4.2	3.5	6	2	2	3.3	-69.5	0.084	0.092	0.471	0.040	0.043	218	0.185	4	0.6	1.6	240	238.4	2	0.6	0.181
Forest	4.2	3.5	6	2	2	3.3	-69.5	0.084	0.092	0.471	0.040	0.043	233	0.188	4	0.6	1.6	240	238.4	2	0.6	0.184
Forest	4.2	3.5	6	3	2	3.3	-68.6	0.095	0.106	0.471	0.045	0.050	0	0.618	4	0.6	1.6	240	238.4	2	0.7	0.618
Forest	4.2	3.5	6	3	2	3.3	-68.6	0.095	0.106	0.471	0.045	0.050	12	0.566	4	0.6	1.6	240	238.4	2	0.6	0.566
Forest	4.2	3.5	6	3	2	3.3	-68.6	0.095	0.106	0.471	0.045	0.050	24	0.577	4	0.6	1.6	240	238.4	2	0.6	0.577
Forest	4.2	3.5	6	3	2	3.3	-68.6	0.095	0.106	0.471	0.045	0.050	40	0.508	4	0.6	1.6	240	238.4	2	0.6	0.507
Forest	4.2	3.5	6	3	2	3.3	-68.6	0.095	0.106	0.471	0.045	0.050	59	0.440	4	0.6	1.6	240	238.4	2	0.6	0.439
Forest	4.2	3.5	6	3	2	3.3	-68.6	0.095	0.106	0.471	0.045	0.050	91	0.283	4	0.6	1.6	240	238.4	2	0.6	0.281
Forest	4.2	3.5	6	3	2	3.3	-68.6	0.095	0.106	0.471	0.045	0.050	113	0.405	4	0.6	1.6	240	238.4	2	0.6	0.403
Forest	4.2	3.5	6	3	2	3.3	-68.6	0.095	0.106	0.471	0.045	0.050	145	0.279	4	0.6	1.6	240	238.4	2	0.6	0.276
Forest	4.2	3.5	6	3	2	3.3	-68.6	0.095	0.106	0.471	0.045	0.050	186	0.227	4	0.6	1.6	240	238.4	2	0.6	0.223
Forest	4.2	3.5	6	3	2	3.3	-68.6	0.095	0.106	0.471	0.045	0.050	217	0.235	4	0.6	1.6	240	238.4	2	0.6	0.232
Forest	4.2	3.5	6	3	2	3.3	-68.6	0.095	0.106	0.471	0.045	0.050	231	0.227	4	0.6	1.6	240	238.4	2	0.6	0.224
Forest	4.2	6	10	1	2	5.8	-16	0.135	0.156	0.471	0.064	0.073	0	0.541	4	0.6	1.6	240	238.4	2	0.6	0.541
Forest	4.2	6	10	1	2	5.8	-16	0.135	0.156	0.471	0.064	0.073	5	0.416	4	0.6	1.6	240	238.4	2	0.6	0.414
Forest	4.2	6	10	1	2	5.8	-16	0.135	0.156	0.471	0.064	0.073	9	0.387	4	0.6	1.6	240	238.4	2	0.6	0.385
Forest	4.2	6	10	1	2	5.8	-16	0.135	0.156	0.471	0.064	0.073	14	0.412	4	0.6	1.6	240	238.4	2	0.6	0.411
Forest	4.2	6	10	1	2	5.8	-16	0.135	0.156	0.471	0.064	0.073	21	0.246	4	0.6	1.6	240	238.4	2	0.6	0.243
Forest	4.2	6	10	1	2	5.8	-16	0.135	0.156	0.471	0.064	0.073	26	0.195	4	0.6	1.6	240	238.4	2	0.6	0.192
Forest	4.2	6	10	1	2	5.8	-16	0.135	0.156	0.471	0.064	0.073	35	0.131	4	0.6	1.6	240	238.4	2	0.6	0.127
Forest	4.2	6	10	1	2	5.8	-16	0.135	0.156	0.471	0.064	0.073	39	0.135	4	0.6	1.6	240	238.4	2	0.6	0.131
Forest	4.2	6	10	1	2	5.8	-16	0.135	0.156	0.471	0.064	0.073	44	0.128	4	0.6	1.6	240	238.4	2	0.6	0.124
Forest	4.2	6	10	1	2	5.8	-16	0.135	0.156	0.471	0.064	0.073	50	0.058	4	0.6	1.6	240	238.4	2	0.6	0.054
Forest	4.2	6	10	1	2	5.8	-16	0.135	0.156	0.471	0.064	0.073	56	0.069	4	0.6	1.6	240	238.4	2	0.6	0.065
Forest	4.2	6	10	1	2	5.8	-16	0.135	0.156	0.471	0.064	0.073	64	0.054	4	0.6	1.6	240	238.4	2	0.6	0.049
Forest	4.2	6	10	1	2	5.8	-16	0.135	0.156	0.471	0.064	0.073	73	0.059	4	0.6	1.6	240	238.4	2	0.6	0.054
Forest	4.2	6	10	1	2	5.8	-16	0.135	0.156	0.471	0.064	0.073	83	0.023	4	0.6	1.6	240	238.4	2	0.6	0.018
Forest	4.2	6	10	1	2	5.8	-16	0.135	0.156	0.471	0.064	0.073	93	0.052	4	0.6	1.6	240	238.4	2	0.6	0.047
Forest	4.2	6	10	2	2	5.8	-17.9	0.134	0.155	0.471	0.063	0.073	0	0.449	4	0.6	1.6	240	238.4	2	0.6	0.448
Forest	4.2	6	10	2	2	5.8	-17.9	0.134	0.155	0.471	0.063	0.073	10	0.440	4	0.6	1.6	240	238.4	2	0.6	0.439
Forest	4.2	6	10	2	2	5.8	-17.9	0.134	0.155	0.471	0.063	0.073	18	0.218	4	0.6	1.6	240	238.4	2	0.6	0.214
Forest	4.2	6	10	2	2	5.8	-17.9	0.134	0.155	0.471	0.063	0.073	26	0.126	4	0.6	1.6	240	238.4	2	0.6	0.122
Forest	4.2	6	10	2	2	5.8	-17.9	0.134	0.155	0.471	0.063	0.073	35	0.146	4	0.6	1.6	240	238.4	2	0.6	0.142
Forest	4.2	6	10	2	2	5.8	-17.9	0.134	0.155	0.471	0.063	0.073	44	0.082	4	0.6	1.6	240	238.4	2	0.6	0.078
Forest	4.2	6	10	2	2	5.8	-17.9	0.134	0.155	0.471	0.063	0.073	55	0.054	4	0.6	1.6	240	238.4	2	0.6	0.049
Forest	4.2	6	10	2	2	5.8	-17.9	0.134	0.155	0.471	0.063	0.073	67	0.038	4	0.6	1.6	240	238.4	2	0.6	0.034
Forest	4.2	6	10	2	2	5.8	-17.9	0.134	0.155	0.471	0.063	0.073	85	0.029	4	0.6	1.6	240	238.4	2	0.6	0.024
Forest	4.2	6	10	2	2	5.8	-17.9	0.134	0.155	0.471	0.063	0.073	98	0.001	4	0.6	1.6	240	238.4	2	0.6	0.000
Forest	4.2	6	10	3	2	5.6	-15.5	0.137	0.158	0.471	0.065	0.074	0	0.471	4	0.6	1.6	240	238.4	2	0.6	0.470
Forest	4.2	6	10	3	2	5.6	-15.5	0.137	0.158	0.471	0.065	0.074	8	0.425	4	0.6	1.6	240	238.4	2	0.6	0.424
Forest	4.2	6	10	3	2	5.6	-15.5	0.137	0.158	0.471	0.065	0.074	16	0.225	4	0.6	1.6	240	238.4	2	0.6	0.222
Forest	4.2	6	10	3	2	5.6	-15.5	0.137	0.158	0.471	0.065	0.074	25	0.190	4	0.6	1.6	240	238.4	2	0.6	0.187
Forest	4.2	6	10	3	2	5.6	-15.5	0.137	0.158	0.471	0.065	0.074	33	0.149	4	0.6	1.6	240	238.4	2	0.6	0.145
Forest	4.2	6	10	3	2	5.6	-15.5	0.137	0.158	0.471	0.065	0.074	42	0.108	4	0.6	1.6	240	238.4	2	0.6	0.104
Forest	4.2	6	10	3	2	5.6	-15.5	0.137	0.158	0.471	0.065	0.074	53	0.094	4	0.6	1.6	240	238.4	2	0.6	0.090
Forest	4.2	6	10	3	2	5.6	-15.5	0.137	0.158	0.471	0.065	0.074	65	0.057	4	0.6	1.6	240	238.4	2	0.6	0.053
Forest	4.2	6	10	3	2	5.6	-15.5	0.137	0.158	0.471	0.065	0.074	95	0.047	4	0.6	1.6	240	238.4	2	0.6	0.042
Forest	4.2	6	10	3	2	5.6	-15.5	0.137	0.158	0.471	0.065	0.074	110	0.028	4	0.6	1.6	240	238.4	2	0.6	0.024
Forest	4.2	12	20	1	2	11.5	-1.9	0.237	0.311	0.471	0.112	0.146	0	0.464	4	0.6	1.6	240	238.4	2	0.6	0.463
Forest	4.2	12	20	1	2	11.5	-1.9	0.237	0.311	0.471	0.112	0.146	5	0.380	4	0.6	1.6	240	238.4	2	0.6	0.379
Forest	4.2	12	20	1	2	11.5	-1.9	0.237	0.311	0.471	0.112	0.146	9	0.196	4	0.6	1.6	240	238.4	2	0.6	0.193
Forest	4.2	12	20	1	2	11.5	-1.9	0.237	0.311	0.471	0.112	0.146	14	0.138	4	0.6	1.6	240	238.4	2	0.6	0.135
Forest	4.2	12	20	1	2	11.5	-1.9	0.237	0.311	0.471	0.112	0.146	18	0.114	4	0.6	1.6	240	238.4	2	0.6	0.110
Forest	4.2	12	20	1	2	11.5	-1.9	0.237	0.311	0.471	0.112	0.146	22	0.049	4	0.6	1.6	240	238.4	2	0.6	0.044
Forest	4.2	12	20	1	2	11.5	-1.9	0.237	0.311	0.471	0.112	0.146	26	0.080	4	0.6	1.6	240	238.4	2	0.6	0.076
Forest	4.2	12	20	1	2	11.5	-1.9	0.237	0.311	0.471	0.112	0.146	30	0.055	4	0.6	1.6	240	238.4	2	0.6	0.051
Forest	4.2	12	20	1	2	11.5	-1.9	0.237	0.311	0.471	0.112	0.146	36	0.035	4	0.6	1.6	240	238.4	2	0.6	0.031
Forest	4.2	12	20	1	2	11.5	-1.9	0.237	0.311	0.471	0.112	0.146	41	0.039	4	0.6	1.6	240	238.4	2	0.6	0.034
Forest	4.2	12	20	1	2	11.5	-1.9	0.237	0.311	0.471	0.112	0.146	46	0.034	4	0.6	1.6	240	238.4	2	0.6	0.029
Forest	4.2	12	20	1	2	11.5	-1.9	0.237	0.311	0.471	0.112	0.146	51	0.000	4	0.6	1.6	240	238.4	2	0.6	0.000
Forest	4.2	12	20	2	2	12.2	-1.5	0.248	0.33	0.471	0.117	0.155	0	0.610	4	0.6	1.6	240	238.4	2	0.6	0.610
Forest	4.2	12	20	2	2	12.2	-1.5	0.248	0.33	0.471	0.117	0.155	4	0.505	4	0.6	1.6	240	238.4	2	0.6	0.504
Forest	4.2	12	20	2	2	12.2	-1.5	0.248	0.33	0.471	0.117	0.155	9	0.224	4	0.6	1.6	240	238.4	2	0.6	0.221
Forest	4.2	12	20	2	2	12.2	-1.5	0.248	0.33	0.471	0.117	0.155	13	0.168	4	0.6	1.6	240	238.4	2	0.6	0.164
Forest	4.2	12	20	2	2	12.2	-1.5	0.248	0.33	0.471	0.117	0.155	17	0.133	4	0.6	1.6	240	238.4	2	0.6	0.129
Forest	4.2	12	20	2	2	12.2	-1.5	0.248	0.33	0.471	0.117	0.155	22	0.121	4	0.6	1.6	240	238.4	2	0.6	0.117
Forest	4.2	12	20	2	2	12.2	-1.5	0.248	0.33	0.471	0.117	0.155	26	0.077	4	0.6	1.6	240	238.4	2	0.6	0.073
Forest	4.2	12	20	2	2	12.2	-1.5	0.248	0.33	0.471	0.117	0.155	32	0.082	4	0.6	1.6	240	238.4	2	0.6	0.077
Forest	4.2	12	20	2	2	12.2	-1.5	0.248	0.33	0.471	0.117	0.155	36	0.081	4	0.6	1.6	240	238.4	2	0.6	0.077
Forest	4.2	12	20	2	2	12.2	-1.5	0.248	0.33	0.471	0.117	0.155	41	0.038	4	0.6	1.6	240	238.4	2	0.6	0.033
Forest	4.2	12	20	2	2	12.2	-1.5	0.248	0.33	0.471	0.117	0.155	45	0.045	4	0.6	1.6	240	238.4	2	0.6	0.041
Forest	4.2	12	20	2	2	12.2	-1.5	0.248	0.33	0.471	0.117	0.155	50	0.055	4	0.6	1.6	240	238.4	2	0.6	0.051
Forest	4.2	12	20	2	2	12.2	-1.5	0.248	0.33	0.471	0.117	0.155	54	0.000	4	0.6	1.6	240	238.4	2	0.6	0.000
Forest	4.2	12	20	3	2	11.8	-1.46	0.243	0.321	0.471	0.114	0.151	0	0.581	4	0.6	1.6	240	238.4	2	0.6	0.580
Forest	4.2	12	20	3	2	11.8	-1.46	0.243	0.321	0.471	0.114	0.151	5	0.403	4	0.6	1.6	240	238.4	2	0.6	0.401
Forest	4.2	12	20	3	2	11.8	-1.46	0.243	0.321	0.471	0.114	0.151	9	0.214	4	0.6	1.6	240	238.4	2	0.6	0.210
Forest	4.2	12	20	3	2	11.8	-1.46	0.243	0.321	0.471	0.114	0.151	13	0.128	4	0.6	1.6	240	238.4	2	0.6	0.124
Forest	4.2	12	20	3	2	11.8	-1.46	0.243	0.321	0.471	0.114	0.151	17	0.059	4	0.6	1.6	240	238.4	2	0.6	0.054
Forest	4.2	12	20	3	2	11.8	-1.46	0.243	0.321	0.471	0.114	0.151	22	0.091	4	0.6	1.6	240	238.4	2	0.6	0.087
Forest	4.2	12	20	3	2	11.8	-1.46	0.243	0.321	0.471	0.114	0.151	26	0.087	4	0.6	1.6	240	238.4	2	0.6	0.083
Forest	4.2	12	20	3	2	11.8	-1.46	0.243	0.321	0.471	0.114	0.151	31	0.051	4	0.6	1.6	240	238.4	2	0.6	0.046
Forest	4.2	12	20	3	2	11.8	-1.46	0.243	0.321	0.471	0.114	0.151	35	0.021	4	0.6	1.6	240	238.4	2	0.6	0.017
Forest	4.2	12	20	3	2	11.8	-1.46	0.243	0.321	0.471	0.114	0.151	40	0.006	4	0.6	1.6	240	238.4	2	0.6	0.001
Forest	4.2	18	30	1	2	18.1	-0.23	0.33	0.492	0.471	0.155	0.232	0	0.615	4	0.6	1.6	240	238.4	2	0.6	0.615
Forest	4.2	18	30	1	2	18.1	-0.23	0.33	0.492	0.471	0.155	0.232	4	0.427	4	0.6	1.6	240	238.4	2	0.6	0.425
Forest	4.2	18	30	1	2	18.1	-0.23	0.33	0.492	0.471	0.155	0.232	9	0.135	4	0.6	1.6	240	238.4	2	0.6	0.131
Forest	4.2	18	30	1	2	18.1	-0.23	0.33	0.492	0.471	0.155	0.232	14	0.131	4	0.6	1.6	240	238.4	2	0.6	0.127
Forest	4.2	18	30	1	2	18.1	-0.23	0.33	0.492	0.471	0.155	0.232	18	0.118	4	0.6	1.6	240	238.4	2	0.6	0.114
Forest	4.2	18	30	1	2	18.1	-0.23	0.33	0.492	0.471	0.155	0.232	23	0.043	4	0.6	1.6	240	238.4	2	0.6	0.039
Forest	4.2	18	30	1	2	18.1	-0.23	0.33	0.492	0.471	0.155	0.232	28	0.069	4	0.6	1.6	240	238.4	2	0.6	0.065
Forest	4.2	18	30	1	2	18.1	-0.23	0.33	0.492	0.471	0.155	0.232	33	0.084	4	0.6	1.6	240	238.4	2	0.6	0.080
Forest	4.2	18	30	1	2	18.1	-0.23	0.33	0.492	0.471	0.155	0.232	37	0.012	4	0.6	1.6	240	238.4	2	0.6	0.007
Forest	4.2	18	30	1	2	18.1	-0.23	0.33	0.492	0.471	0.155	0.232	41	0.060	4	0.6	1.6	240	238.4	2	0.6	0.056
Forest	4.2	18	30	1	2	18.1	-0.23	0.33	0.492	0.471	0.155	0.232	46	0.046	4	0.6	1.6	240	238.4	2	0.6	0.041
Forest	4.2	18	30	1	2	18.1	-0.23	0.33	0.492	0.471	0.155	0.232	50	0.009	4	0.6	1.6	240	238.4	2	0.6	0.004
Forest	4.2	18	30	2	2	18.3	-0.26	0.332	0.497	0.471	0.156	0.234	0	0.497	4	0.6	1.6	240	238.4	2	0.6	0.496
Forest	4.2	18	30	2	2	18.3	-0.26	0.332	0.497	0.471	0.156	0.234	4	0.361	4	0.6	1.6	240	238.4	2	0.6	0.359
Forest	4.2	18	30	2	2	18.3	-0.26	0.332	0.497	0.471	0.156	0.234	8	0.228	4	0.6	1.6	240	238.4	2	0.6	0.224
Forest	4.2	18	30	2	2	18.3	-0.26	0.332	0.497	0.471	0.156	0.234	13	0.074	4	0.6	1.6	240	238.4	2	0.6	0.070
Forest	4.2	18	30	2	2	18.3	-0.26	0.332	0.497	0.471	0.156	0.234	17	0.095	4	0.6	1.6	240	238.4	2	0.6	0.090
Forest	4.2	18	30	2	2	18.3	-0.26	0.332	0.497	0.471	0.156	0.234	22	0.043	4	0.6	1.6	240	238.4	2	0.6	0.038
Forest	4.2	18	30	2	2	18.3	-0.26	0.332	0.497	0.471	0.156	0.234	26	0.005	4	0.6	1.6	240	238.4	2	0.6	0.000
Forest	4.2	18	30	2	2	18.3	-0.26	0.332	0.497	0.471	0.156	0.234	30	0.025	4	0.6	1.6	240	238.4	2	0.6	0.020
Forest	4.2	18	30	2	2	18.3	-0.26	0.332	0.497	0.471	0.156	0.234	34	0.073	4	0.6	1.6	240	238.4	2	0.6	0.069
Forest	4.2	18	30	2	2	18.3	-0.26	0.332	0.497	0.471	0.156	0.234	38	0.061	4	0.6	1.6	240	238.4	2	0.6	0.056
Forest	4.2	18	30	2	2	18.3	-0.26	0.332	0.497	0.471	0.156	0.234	43	0.015	4	0.6	1.6	240	238.4	2	0.6	0.010
Forest	4.2	18	30	2	2	18.3	-0.26	0.332	0.497	0.471	0.156	0.234	47	0.016	4	0.6	1.6	240	238.4	2	0.6	0.012
Forest	4.2	18	30	2	2	18.3	-0.26	0.332	0.497	0.471	0.156	0.234	51	0.002	4	0.6	1.6	240	238.4	2	0.6	0.000
Forest	4.2	18	30	3	2	15.6	-0.46	0.294	0.417	0.471	0.138	0.196	0	0.558	4	0.6	1.6	240	238.4	2	0.6	0.558
Forest	4.2	18	30	3	2	15.6	-0.46	0.294	0.417	0.471	0.138	0.196	4	0.366	4	0.6	1.6	240	238.4	2	0.6	0.364
Forest	4.2	18	30	3	2	15.6	-0.46	0.294	0.417	0.471	0.138	0.196	9	0.216	4	0.6	1.6	240	238.4	2	0.6	0.213
Forest	4.2	18	30	3	2	15.6	-0.46	0.294	0.417	0.471	0.138	0.196	13	0.116	4	0.6	1.6	240	238.4	2	0.6	0.112
Forest	4.2	18	30	3	2	15.6	-0.46	0.294	0.417	0.471	0.138	0.196	17	0.094	4	0.6	1.6	240	238.4	2	0.6	0.090
Forest	4.2	18	30	3	2	15.6	-0.46	0.294	0.417	0.471	0.138	0.196	22	0.085	4	0.6	1.6	240	238.4	2	0.6	0.080
Forest	4.2	18	30	3	2	15.6	-0.46	0.294	0.417	0.471	0.138	0.196	26	0.022	4	0.6	1.6	240	238.4	2	0.6	0.017
Forest	4.2	18	30	3	2	15.6	-0.46	0.294	0.417	0.471	0.138	0.196	30	0.056	4	0.6	1.6	240	238.4	2	0.6	0.052
Forest	4.2	18	30	3	2	15.6	-0.46	0.294	0.417	0.471	0.138	0.196	35	0.027	4	0.6	1.6	240	238.4	2	0.6	0.022
Forest	4.2	18	30	3	2	15.6	-0.46	0.294	0.417	0.471	0.138	0.196	40	0.034	4	0.6	1.6	240	238.4	2	0.6	0.029
Forest	4.2	18	30	3	2	15.6	-0.46	0.294	0.417	0.471	0.138	0.196	47	0.035	4	0.6	1.6	240	238.4	2	0.6	0.030
Forest	4.2	18	30	3	2	15.6	-0.46	0.294	0.417	0.471	0.138	0.196	52	0.013	4	0.6	1.6	240	238.4	2	0.6	0.008
Forest	4.2	24	40	1	2	24.4	-0.14	0.393	0.647	0.471	0.185	0.305	0	0.696	4	0.6	1.6	240	238.4	2	0.75	0.696
Forest	4.2	24	40	1	2	24.4	-0.14	0.393	0.647	0.471	0.185	0.305	5	0.598	4	0.6	1.6	240	238.4	2	0.6	0.598
Forest	4.2	24	40	1	2	24.4	-0.14	0.393	0.647	0.471	0.185	0.305	9	0.273	4	0.6	1.6	240	238.4	2	0.6	0.270
Forest	4.2	24	40	1	2	24.4	-0.14	0.393	0.647	0.471	0.185	0.305	14	0.218	4	0.6	1.6	240	238.4	2	0.6	0.215
Forest	4.2	24	40	1	2	24.4	-0.14	0.393	0.647	0.471	0.185	0.305	18	0.162	4	0.6	1.6	240	238.4	2	0.6	0.158
Forest	4.2	24	40	1	2	24.4	-0.14	0.393	0.647	0.471	0.185	0.305	22	0.121	4	0.6	1.6	240	238.4	2	0.6	0.117
Forest	4.2	24	40	1	2	24.4	-0.14	0.393	0.647	0.471	0.185	0.305	27	0.110	4	0.6	1.6	240	238.4	2	0.6	0.106
Forest	4.2	24	40	1	2	24.4	-0.14	0.393	0.647	0.471	0.185	0.305	31	0.114	4	0.6	1.6	240	238.4	2	0.6	0.110
Forest	4.2	24	40	1	2	24.4	-0.14	0.393	0.647	0.471	0.185	0.305	37	0.062	4	0.6	1.6	240	238.4	2	0.6	0.057
Forest	4.2	24	40	1	2	24.4	-0.14	0.393	0.647	0.471	0.185	0.305	41	0.010	4	0.6	1.6	240	238.4	2	0.6	0.005
Forest	4.2	24	40	1	2	24.4	-0.14	0.393	0.647	0.471	0.185	0.305	45	0.029	4	0.6	1.6	240	238.4	2	0.6	0.025
Forest	4.2	24	40	1	2	24.4	-0.14	0.393	0.647	0.471	0.185	0.305	50	0.008	4	0.6	1.6	240	238.4	2	0.6	0.003
Forest	4.2	24	40	2	2	23.8	-0.2	0.39	0.639	0.471	0.184	0.301	0	0.574	4	0.6	1.6	240	238.4	2	0.75	0.572
Forest	4.2	24	40	2	2	23.8	-0.2	0.39	0.639	0.471	0.184	0.301	5	0.440	4	0.6	1.6	240	238.4	2	0.6	0.439
Forest	4.2	24	40	2	2	23.8	-0.2	0.39	0.639	0.471	0.184	0.301	9	0.201	4	0.6	1.6	240	238.4	2	0.6	0.197
Forest	4.2	24	40	2	2	23.8	-0.2	0.39	0.639	0.471	0.184	0.301	14	0.162	4	0.6	1.6	240	238.4	2	0.6	0.158
Forest	4.2	24	40	2	2	23.8	-0.2	0.39	0.639	0.471	0.184	0.301	19	0.152	4	0.6	1.6	240	238.4	2	0.6	0.148
Forest	4.2	24	40	2	2	23.8	-0.2	0.39	0.639	0.471	0.184	0.301	23	0.096	4	0.6	1.6	240	238.4	2	0.6	0.091
Forest	4.2	24	40	2	2	23.8	-0.2	0.39	0.639	0.471	0.184	0.301	28	0.100	4	0.6	1.6	240	238.4	2	0.6	0.096
Forest	4.2	24	40	2	2	23.8	-0.2	0.39	0.639	0.471	0.184	0.301	33	0.074	4	0.6	1.6	240	238.4	2	0.6	0.070
Forest	4.2	24	40	2	2	23.8	-0.2	0.39	0.639	0.471	0.184	0.301	37	0.066	4	0.6	1.6	240	238.4	2	0.6	0.061
Forest	4.2	24	40	2	2	23.8	-0.2	0.39	0.639	0.471	0.184	0.301	42	0.000	4	0.6	1.6	240	238.4	2	0.6	0.000
Forest	4.2	24	40	2	2	23.8	-0.2	0.39	0.639	0.471	0.184	0.301	46	0.024	4	0.6	1.6	240	238.4	2	0.6	0.019
Forest	4.2	24	40	2	2	23.8	-0.2	0.39	0.639	0.471	0.184	0.301	50	0.008	4	0.6	1.6	240	238.4	2	0.6	0.003
Forest	4.2	24	40	3	2	24.3	-0.14	0.395	0.652	0.471	0.186	0.307	0	0.533	4	0.6	1.6	240	238.4	2	0.75	0.531
Forest	4.2	24	40	3	2	24.3	-0.14	0.395	0.652	0.471	0.186	0.307	4	0.438	4	0.6	1.6	240	238.4	2	0.6	0.436
Forest	4.2	24	40	3	2	24.3	-0.14	0.395	0.652	0.471	0.186	0.307	9	0.229	4	0.6	1.6	240	238.4	2	0.6	0.226
Forest	4.2	24	40	3	2	24.3	-0.14	0.395	0.652	0.471	0.186	0.307	13	0.150	4	0.6	1.6	240	238.4	2	0.6	0.146
Forest	4.2	24	40	3	2	24.3	-0.14	0.395	0.652	0.471	0.186	0.307	18	0.140	4	0.6	1.6	240	238.4	2	0.6	0.137
Forest	4.2	24	40	3	2	24.3	-0.14	0.395	0.652	0.471	0.186	0.307	23	0.105	4	0.6	1.6	240	238.4	2	0.6	0.101
Forest	4.2	24	40	3	2	24.3	-0.14	0.395	0.652	0.471	0.186	0.307	27	0.083	4	0.6	1.6	240	238.4	2	0.6	0.079
Forest	4.2	24	40	3	2	24.3	-0.14	0.395	0.652	0.471	0.186	0.307	31	0.058	4	0.6	1.6	240	238.4	2	0.6	0.053
Forest	4.2	24	40	3	2	24.3	-0.14	0.395	0.652	0.471	0.186	0.307	36	0.065	4	0.6	1.6	240	238.4	2	0.6	0.060
Forest	4.2	24	40	3	2	24.3	-0.14	0.395	0.652	0.471	0.186	0.307	40	0.073	4	0.6	1.6	240	238.4	2	0.6	0.069
Forest	4.2	24	40	3	2	24.3	-0.14	0.395	0.652	0.471	0.186	0.307	45	0.000	4	0.6	1.6	240	238.4	2	0.6	0.000
Forest	4.2	24	40	3	2	24.3	-0.14	0.395	0.652	0.471	0.186	0.307	49	0.011	4	0.6	1.6	240	238.4	2	0.6	0.006
Forest	4.2	30	actual_30	1	2	31.2	-0.06	0.457	0.843	0.471	0.215	0.397	0	0.534	4	0.6	1.6	240	238.4	2	0.7	0.533
Forest	4.2	30	actual_30	1	2	31.2	-0.06	0.457	0.843	0.471	0.215	0.397	5	0.520	4	0.6	1.6	240	238.4	2	0.6	0.519
Forest	4.2	30	actual_30	1	2	31.2	-0.06	0.457	0.843	0.471	0.215	0.397	10	0.380	4	0.6	1.6	240	238.4	2	0.6	0.378
Forest	4.2	30	actual_30	1	2	31.2	-0.06	0.457	0.843	0.471	0.215	0.397	14	0.218	4	0.6	1.6	240	238.4	2	0.6	0.215
Forest	4.2	30	actual_30	1	2	31.2	-0.06	0.457	0.843	0.471	0.215	0.397	19	0.171	4	0.6	1.6	240	238.4	2	0.6	0.167
Forest	4.2	30	actual_30	1	2	31.2	-0.06	0.457	0.843	0.471	0.215	0.397	23	0.141	4	0.6	1.6	240	238.4	2	0.6	0.137
Forest	4.2	30	actual_30	1	2	31.2	-0.06	0.457	0.843	0.471	0.215	0.397	27	0.105	4	0.6	1.6	240	238.4	2	0.6	0.101
Forest	4.2	30	actual_30	1	2	31.2	-0.06	0.457	0.843	0.471	0.215	0.397	32	0.099	4	0.6	1.6	240	238.4	2	0.6	0.095
Forest	4.2	30	actual_30	1	2	31.2	-0.06	0.457	0.843	0.471	0.215	0.397	37	0.096	4	0.6	1.6	240	238.4	2	0.6	0.092
Forest	4.2	30	actual_30	1	2	31.2	-0.06	0.457	0.843	0.471	0.215	0.397	41	0.058	4	0.6	1.6	240	238.4	2	0.6	0.054
Forest	4.2	30	actual_30	1	2	31.2	-0.06	0.457	0.843	0.471	0.215	0.397	46	0.041	4	0.6	1.6	240	238.4	2	0.6	0.037
Forest	4.2	30	actual_30	1	2	31.2	-0.06	0.457	0.843	0.471	0.215	0.397	51	0.068	4	0.6	1.6	240	238.4	2	0.6	0.063
Forest	4.2	30	actual_30	1	2	31.2	-0.06	0.457	0.843	0.471	0.215	0.397	55	0.078	4	0.6	1.6	240	238.4	2	0.6	0.074
Forest	4.2	30	actual_30	1	2	31.2	-0.06	0.457	0.843	0.471	0.215	0.397	59	0.016	4	0.6	1.6	240	238.4	2	0.6	0.012
Forest	4.2	30	actual_30	1	2	31.2	-0.06	0.457	0.843	0.471	0.215	0.397	63	0.044	4	0.6	1.6	240	238.4	2	0.6	0.039
Forest	4.2	30	actual_30	1	2	31.2	-0.06	0.457	0.843	0.471	0.215	0.397	68	0.000	4	0.6	1.6	240	238.4	2	0.6	-0.005
Forest	4.2	30	actual_30	1	2	31.2	-0.06	0.457	0.843	0.471	0.215	0.397	73	0.041	4	0.6	1.6	240	238.4	2	0.6	0.037
Forest	4.2	30	actual_30	2	2	29.9	-0.12	0.447	0.807	0.471	0.211	0.380	0	0.672	4	0.6	1.6	240	238.4	2	0.7	0.671
Forest	4.2	30	actual_30	2	2	29.9	-0.12	0.447	0.807	0.471	0.211	0.380	4	0.530	4	0.6	1.6	240	238.4	2	0.6	0.529
Forest	4.2	30	actual_30	2	2	29.9	-0.12	0.447	0.807	0.471	0.211	0.380	11	0.408	4	0.6	1.6	240	238.4	2	0.6	0.406
Forest	4.2	30	actual_30	2	2	29.9	-0.12	0.447	0.807	0.471	0.211	0.380	16	0.246	4	0.6	1.6	240	238.4	2	0.6	0.243
Forest	4.2	30	actual_30	2	2	29.9	-0.12	0.447	0.807	0.471	0.211	0.380	20	0.239	4	0.6	1.6	240	238.4	2	0.6	0.236
Forest	4.2	30	actual_30	2	2	29.9	-0.12	0.447	0.807	0.471	0.211	0.380	25	0.178	4	0.6	1.6	240	238.4	2	0.6	0.175
Forest	4.2	30	actual_30	2	2	29.9	-0.12	0.447	0.807	0.471	0.211	0.380	30	0.145	4	0.6	1.6	240	238.4	2	0.6	0.141
Forest	4.2	30	actual_30	2	2	29.9	-0.12	0.447	0.807	0.471	0.211	0.380	35	0.157	4	0.6	1.6	240	238.4	2	0.6	0.154
Forest	4.2	30	actual_30	2	2	29.9	-0.12	0.447	0.807	0.471	0.211	0.380	39	0.143	4	0.6	1.6	240	238.4	2	0.6	0.139
Forest	4.2	30	actual_30	2	2	29.9	-0.12	0.447	0.807	0.471	0.211	0.380	45	0.116	4	0.6	1.6	240	238.4	2	0.6	0.112
Forest	4.2	30	actual_30	2	2	29.9	-0.12	0.447	0.807	0.471	0.211	0.380	54	0.057	4	0.6	1.6	240	238.4	2	0.6	0.053
Forest	4.2	30	actual_30	2	2	29.9	-0.12	0.447	0.807	0.471	0.211	0.380	61	0.034	4	0.6	1.6	240	238.4	2	0.6	0.030
Forest	4.2	30	actual_30	2	2	29.9	-0.12	0.447	0.807	0.471	0.211	0.380	65	0.030	4	0.6	1.6	240	238.4	2	0.6	0.025
Forest	4.2	30	actual_30	2	2	29.9	-0.12	0.447	0.807	0.471	0.211	0.380	70	0.078	4	0.6	1.6	240	238.4	2	0.6	0.074
Forest	4.2	30	actual_30	2	2	29.9	-0.12	0.447	0.807	0.471	0.211	0.380	76	0.044	4	0.6	1.6	240	238.4	2	0.6	0.039
Forest	4.2	30	actual_30	2	2	29.9	-0.12	0.447	0.807	0.471	0.211	0.380	81	0.057	4	0.6	1.6	240	238.4	2	0.6	0.053
Forest	4.2	30	actual_30	2	2	29.9	-0.12	0.447	0.807	0.471	0.211	0.380	91	0.036	4	0.6	1.6	240	238.4	2	0.6	0.031
Forest	4.2	30	actual_30	3	2	29.9	-0.08	0.446	0.806	0.471	0.210	0.380	0	0.606	4	0.6	1.6	240	238.4	2	0.7	0.605
Forest	4.2	30	actual_30	3	2	29.9	-0.08	0.446	0.806	0.471	0.210	0.380	5	0.494	4	0.6	1.6	240	238.4	2	0.6	0.493
Forest	4.2	30	actual_30	3	2	29.9	-0.08	0.446	0.806	0.471	0.210	0.380	10	0.390	4	0.6	1.6	240	238.4	2	0.6	0.388
Forest	4.2	30	actual_30	3	2	29.9	-0.08	0.446	0.806	0.471	0.210	0.380	14	0.330	4	0.6	1.6	240	238.4	2	0.6	0.327
Forest	4.2	30	actual_30	3	2	29.9	-0.08	0.446	0.806	0.471	0.210	0.380	18	0.171	4	0.6	1.6	240	238.4	2	0.6	0.168
Forest	4.2	30	actual_30	3	2	29.9	-0.08	0.446	0.806	0.471	0.210	0.380	23	0.153	4	0.6	1.6	240	238.4	2	0.6	0.149
Forest	4.2	30	actual_30	3	2	29.9	-0.08	0.446	0.806	0.471	0.210	0.380	28	0.127	4	0.6	1.6	240	238.4	2	0.6	0.123
Forest	4.2	30	actual_30	3	2	29.9	-0.08	0.446	0.806	0.471	0.210	0.380	33	0.152	4	0.6	1.6	240	238.4	2	0.6	0.148
Forest	4.2	30	actual_30	3	2	29.9	-0.08	0.446	0.806	0.471	0.210	0.380	37	0.097	4	0.6	1.6	240	238.4	2	0.6	0.093
Forest	4.2	30	actual_30	3	2	29.9	-0.08	0.446	0.806	0.471	0.210	0.380	42	0.052	4	0.6	1.6	240	238.4	2	0.6	0.048
Forest	4.2	30	actual_30	3	2	29.9	-0.08	0.446	0.806	0.471	0.210	0.380	46	0.070	4	0.6	1.6	240	238.4	2	0.6	0.065
Forest	4.2	30	actual_30	3	2	29.9	-0.08	0.446	0.806	0.471	0.210	0.380	50	0.085	4	0.6	1.6	240	238.4	2	0.6	0.081
Forest	4.2	30	actual_30	3	2	29.9	-0.08	0.446	0.806	0.471	0.210	0.380	55	0.085	4	0.6	1.6	240	238.4	2	0.6	0.081
Forest	4.2	30	actual_30	3	2	29.9	-0.08	0.446	0.806	0.471	0.210	0.380	60	0.058	4	0.6	1.6	240	238.4	2	0.6	0.053
Forest	4.2	30	actual_30	3	2	29.9	-0.08	0.446	0.806	0.471	0.210	0.380	64	0.001	4	0.6	1.6	240	238.4	2	0.6	0.000
Forest	4.2	30	actual_30	3	2	29.9	-0.08	0.446	0.806	0.471	0.210	0.380	69	0.044	4	0.6	1.6	240	238.4	2	0.6	0.039
Forest	4.2	30	actual_30	3	2	29.9	-0.08	0.446	0.806	0.471	0.210	0.380	73	0.014	4	0.6	1.6	240	238.4	2	0.6	0.009
Forest	4.2	air-dried	air-dried	1	2	3	-132.4	0.087	0.095	0.471	0.041	0.045	0	0.876	4	0.6	1.6	240	238.4	2	0.8	0.877
Forest	4.2	air-dried	air-dried	1	2	3	-132.4	0.087	0.095	0.471	0.041	0.045	4	0.840	4	0.6	1.6	240	238.4	2	0.6	0.842
Forest	4.2	air-dried	air-dried	1	2	3	-132.4	0.087	0.095	0.471	0.041	0.045	10	0.837	4	0.6	1.6	240	238.4	2	0.6	0.839
Forest	4.2	air-dried	air-dried	1	2	3	-132.4	0.087	0.095	0.471	0.041	0.045	14	0.774	4	0.6	1.6	240	238.4	2	0.6	0.775
Forest	4.2	air-dried	air-dried	1	2	3	-132.4	0.087	0.095	0.471	0.041	0.045	21	0.730	4	0.6	1.6	240	238.4	2	0.6	0.731
Forest	4.2	air-dried	air-dried	1	2	3	-132.4	0.087	0.095	0.471	0.041	0.045	32	0.834	4	0.6	1.6	240	238.4	2	0.6	0.836
Forest	4.2	air-dried	air-dried	1	2	3	-132.4	0.087	0.095	0.471	0.041	0.045	37	0.764	4	0.6	1.6	240	238.4	2	0.6	0.765
Forest	4.2	air-dried	air-dried	1	2	3	-132.4	0.087	0.095	0.471	0.041	0.045	47	0.766	4	0.6	1.6	240	238.4	2	0.6	0.767
Forest	4.2	air-dried	air-dried	1	2	3	-132.4	0.087	0.095	0.471	0.041	0.045	53	0.696	4	0.6	1.6	240	238.4	2	0.6	0.697
Forest	4.2	air-dried	air-dried	1	2	3	-132.4	0.087	0.095	0.471	0.041	0.045	59	0.752	4	0.6	1.6	240	238.4	2	0.6	0.754
Forest	4.2	air-dried	air-dried	1	2	3	-132.4	0.087	0.095	0.471	0.041	0.045	74	0.726	4	0.6	1.6	240	238.4	2	0.6	0.727
Forest	4.2	air-dried	air-dried	1	2	3	-132.4	0.087	0.095	0.471	0.041	0.045	93	0.759	4	0.6	1.6	240	238.4	2	0.6	0.761
Forest	4.2	air-dried	air-dried	1	2	3	-132.4	0.087	0.095	0.471	0.041	0.045	123	0.736	4	0.6	1.6	240	238.4	2	0.6	0.737
Forest	4.2	air-dried	air-dried	1	2	3	-132.4	0.087	0.095	0.471	0.041	0.045	171	0.678	4	0.6	1.6	240	238.4	2	0.6	0.678
Forest	4.2	air-dried	air-dried	2	2	3	-138.2	0.091	0.1	0.471	0.043	0.047	0	0.684	4	0.6	1.6	240	238.4	2	0.7	0.684
Forest	4.2	air-dried	air-dried	2	2	3	-138.2	0.091	0.1	0.471	0.043	0.047	21	0.646	4	0.6	1.6	240	238.4	2	0.6	0.647
Forest	4.2	air-dried	air-dried	2	2	3	-138.2	0.091	0.1	0.471	0.043	0.047	41	0.642	4	0.6	1.6	240	238.4	2	0.6	0.642
Forest	4.2	air-dried	air-dried	2	2	3	-138.2	0.091	0.1	0.471	0.043	0.047	70	0.644	4	0.6	1.6	240	238.4	2	0.6	0.645
Forest	4.2	air-dried	air-dried	2	2	3	-138.2	0.091	0.1	0.471	0.043	0.047	91	0.643	4	0.6	1.6	240	238.4	2	0.6	0.643
Forest	4.2	air-dried	air-dried	2	2	3	-138.2	0.091	0.1	0.471	0.043	0.047	109	0.654	4	0.6	1.6	240	238.4	2	0.6	0.654
Forest	4.2	air-dried	air-dried	2	2	3	-138.2	0.091	0.1	0.471	0.043	0.047	130	0.601	4	0.6	1.6	240	238.4	2	0.6	0.601
Forest	4.2	air-dried	air-dried	2	2	3	-138.2	0.091	0.1	0.471	0.043	0.047	153	0.623	4	0.6	1.6	240	238.4	2	0.6	0.623
Forest	4.2	air-dried	air-dried	3	2	3	-140.6	0.089	0.098	0.471	0.042	0.046	0	0.649	4	0.6	1.6	240	238.4	2	0.7	0.649
Forest	4.2	air-dried	air-dried	3	2	3	-140.6	0.089	0.098	0.471	0.042	0.046	20	0.690	4	0.6	1.6	240	238.4	2	0.6	0.691
Forest	4.2	air-dried	air-dried	3	2	3	-140.6	0.089	0.098	0.471	0.042	0.046	40	0.705	4	0.6	1.6	240	238.4	2	0.6	0.706
Forest	4.2	air-dried	air-dried	3	2	3	-140.6	0.089	0.098	0.471	0.042	0.046	79	0.620	4	0.6	1.6	240	238.4	2	0.6	0.620
Forest	4.2	air-dried	air-dried	3	2	3	-140.6	0.089	0.098	0.471	0.042	0.046	92	0.671	4	0.6	1.6	240	238.4	2	0.6	0.671
Forest	4.2	air-dried	air-dried	3	2	3	-140.6	0.089	0.098	0.471	0.042	0.046	109	0.636	4	0.6	1.6	240	238.4	2	0.6	0.636
Forest	4.2	air-dried	air-dried	3	2	3	-140.6	0.089	0.098	0.471	0.042	0.046	130	0.621	4	0.6	1.6	240	238.4	2	0.6	0.621
Forest	4.2	air-dried	air-dried	3	2	3	-140.6	0.089	0.098	0.471	0.042	0.046	152	0.704	4	0.6	1.6	240	238.4	2	0.6	0.705
Meadow	4.6	15	15	1	2	14.6	-7.6	0.083	0.09	0.85	0.071	0.077	0	0.427	2	0.62	0.76	240	239.24	2	0.5	0.426
Meadow	4.6	15	15	1	2	14.6	-7.6	0.083	0.09	0.85	0.071	0.077	15	0.392	2	0.62	0.76	240	239.24	2	0.5	0.391
Meadow	4.6	15	15	1	2	14.6	-7.6	0.083	0.09	0.85	0.071	0.077	29	0.298	2	0.62	0.76	240	239.24	2	0.5	0.296
Meadow	4.6	15	15	1	2	14.6	-7.6	0.083	0.09	0.85	0.071	0.077	42	0.216	2	0.62	0.76	240	239.24	2	0.5	0.214
Meadow	4.6	15	15	1	2	14.6	-7.6	0.083	0.09	0.85	0.071	0.077	55	0.156	2	0.62	0.76	240	239.24	2	0.5	0.153
Meadow	4.6	15	15	1	2	14.6	-7.6	0.083	0.09	0.85	0.071	0.077	69	0.105	2	0.62	0.76	240	239.24	2	0.5	0.102
Meadow	4.6	15	15	1	2	14.6	-7.6	0.083	0.09	0.85	0.071	0.077	82	0.117	2	0.62	0.76	240	239.24	2	0.5	0.114
Meadow	4.6	15	15	1	2	14.6	-7.6	0.083	0.09	0.85	0.071	0.077	96	0.09	2	0.62	0.76	240	239.24	2	0.5	0.087
Meadow	4.6	15	15	1	2	14.6	-7.6	0.083	0.09	0.85	0.071	0.077	120	0.069	2	0.62	0.76	240	239.24	2	0.5	0.065
Meadow	4.6	15	15	2	2	13.7	-7.8	0.078	0.085	0.85	0.066	0.072	0	0.37	2	0.62	0.76	240	239.24	2	0.5	0.369
Meadow	4.6	15	15	2	2	13.7	-7.8	0.078	0.085	0.85	0.066	0.072	14	0.338	2	0.62	0.76	240	239.24	2	0.5	0.337
Meadow	4.6	15	15	2	2	13.7	-7.8	0.078	0.085	0.85	0.066	0.072	28	0.236	2	0.62	0.76	240	239.24	2	0.5	0.234
Meadow	4.6	15	15	2	2	13.7	-7.8	0.078	0.085	0.85	0.066	0.072	41	0.168	2	0.62	0.76	240	239.24	2	0.5	0.165
Meadow	4.6	15	15	2	2	13.7	-7.8	0.078	0.085	0.85	0.066	0.072	55	0.122	2	0.62	0.76	240	239.24	2	0.5	0.119
Meadow	4.6	15	15	2	2	13.7	-7.8	0.078	0.085	0.85	0.066	0.072	69	0.137	2	0.62	0.76	240	239.24	2	0.5	0.134
Meadow	4.6	15	15	2	2	13.7	-7.8	0.078	0.085	0.85	0.066	0.072	82	0.074	2	0.62	0.76	240	239.24	2	0.5	0.070
Meadow	4.6	15	15	2	2	13.7	-7.8	0.078	0.085	0.85	0.066	0.072	95	0.093	2	0.62	0.76	240	239.24	2	0.5	0.090
Meadow	4.6	15	15	2	2	13.7	-7.8	0.078	0.085	0.85	0.066	0.072	119	0.035	2	0.62	0.76	240	239.24	2	0.5	0.031
Meadow	4.6	15	15	3	2	14.5	-6.6	0.083	0.09	0.85	0.071	0.077	0	0.417	2	0.62	0.76	240	239.24	2	0.5	0.416
Meadow	4.6	15	15	3	2	14.5	-6.6	0.083	0.09	0.85	0.071	0.077	13	0.28	2	0.62	0.76	240	239.24	2	0.5	0.278
Meadow	4.6	15	15	3	2	14.5	-6.6	0.083	0.09	0.85	0.071	0.077	26	0.207	2	0.62	0.76	240	239.24	2	0.5	0.205
Meadow	4.6	15	15	3	2	14.5	-6.6	0.083	0.09	0.85	0.071	0.077	39	0.172	2	0.62	0.76	240	239.24	2	0.5	0.169
Meadow	4.6	15	15	3	2	14.5	-6.6	0.083	0.09	0.85	0.071	0.077	53	0.144	2	0.62	0.76	240	239.24	2	0.5	0.141
Meadow	4.6	15	15	3	2	14.5	-6.6	0.083	0.09	0.85	0.071	0.077	67	0.129	2	0.62	0.76	240	239.24	2	0.5	0.126
Meadow	4.6	15	15	3	2	14.5	-6.6	0.083	0.09	0.85	0.071	0.077	79	0.092	2	0.62	0.76	240	239.24	2	0.5	0.089
Meadow	4.6	15	15	3	2	14.5	-6.6	0.083	0.09	0.85	0.071	0.077	93	0.105	2	0.62	0.76	240	239.24	2	0.5	0.102
Meadow	4.6	15	15	3	2	14.5	-6.6	0.083	0.09	0.85	0.071	0.077	116	0.09	2	0.62	0.76	240	239.24	2	0.5	0.087
Meadow	4.6	15	15	3	2	14.5	-6.6	0.083	0.09	0.85	0.071	0.077	121	0.05	2	0.62	0.76	240	239.24	2	0.5	0.046
Meadow	4.6	20	20	1	2	19.3	-2.9	0.107	0.12	0.85	0.091	0.102	0	0.398	2	0.62	0.76	240	239.24	2	0.5	0.397
Meadow	4.6	20	20	1	2	19.3	-2.9	0.107	0.12	0.85	0.091	0.102	14	0.301	2	0.62	0.76	240	239.24	2	0.5	0.299
Meadow	4.6	20	20	1	2	19.3	-2.9	0.107	0.12	0.85	0.091	0.102	28	0.212	2	0.62	0.76	240	239.24	2	0.5	0.210
Meadow	4.6	20	20	1	2	19.3	-2.9	0.107	0.12	0.85	0.091	0.102	42	0.157	2	0.62	0.76	240	239.24	2	0.5	0.154
Meadow	4.6	20	20	1	2	19.3	-2.9	0.107	0.12	0.85	0.091	0.102	54	0.128	2	0.62	0.76	240	239.24	2	0.5	0.125
Meadow	4.6	20	20	1	2	19.3	-2.9	0.107	0.12	0.85	0.091	0.102	69	0.082	2	0.62	0.76	240	239.24	2	0.5	0.079
Meadow	4.6	20	20	1	2	19.3	-2.9	0.107	0.12	0.85	0.091	0.102	86	0.057	2	0.62	0.76	240	239.24	2	0.5	0.053
Meadow	4.6	20	20	1	2	19.3	-2.9	0.107	0.12	0.85	0.091	0.102	100	0.054	2	0.62	0.76	240	239.24	2	0.5	0.050
Meadow	4.6	20	20	1	2	19.3	-2.9	0.107	0.12	0.85	0.091	0.102	117	0.009	2	0.62	0.76	240	239.24	2	0.5	0.005
Meadow	4.6	20	20	2	2	19.2	-2.7	0.106	0.119	0.85	0.090	0.101	0	0.389	2	0.62	0.76	240	239.24	2	0.5	0.388
Meadow	4.6	20	20	2	2	19.2	-2.7	0.106	0.119	0.85	0.090	0.101	15	0.256	2	0.62	0.76	240	239.24	2	0.5	0.254
Meadow	4.6	20	20	2	2	19.2	-2.7	0.106	0.119	0.85	0.090	0.101	29	0.202	2	0.62	0.76	240	239.24	2	0.5	0.200
Meadow	4.6	20	20	2	2	19.2	-2.7	0.106	0.119	0.85	0.090	0.101	42	0.139	2	0.62	0.76	240	239.24	2	0.5	0.136
Meadow	4.6	20	20	2	2	19.2	-2.7	0.106	0.119	0.85	0.090	0.101	54	0.144	2	0.62	0.76	240	239.24	2	0.5	0.141
Meadow	4.6	20	20	2	2	19.2	-2.7	0.106	0.119	0.85	0.090	0.101	69	0.073	2	0.62	0.76	240	239.24	2	0.5	0.069
Meadow	4.6	20	20	2	2	19.2	-2.7	0.106	0.119	0.85	0.090	0.101	87	0.057	2	0.62	0.76	240	239.24	2	0.5	0.053
Meadow	4.6	20	20	2	2	19.2	-2.7	0.106	0.119	0.85	0.090	0.101	101	0.024	2	0.62	0.76	240	239.24	2	0.5	0.020
Meadow	4.6	20	20	2	2	19.2	-2.7	0.106	0.119	0.85	0.090	0.101	117	0.026	2	0.62	0.76	240	239.24	2	0.5	0.022
Meadow	4.6	20	20	3	2	20.3	-2.1	0.112	0.126	0.85	0.095	0.107	0	0.512	2	0.62	0.76	240	239.24	2	0.5	0.512
Meadow	4.6	20	20	3	2	20.3	-2.1	0.112	0.126	0.85	0.095	0.107	13	0.326	2	0.62	0.76	240	239.24	2	0.5	0.325
Meadow	4.6	20	20	3	2	20.3	-2.1	0.112	0.126	0.85	0.095	0.107	27	0.186	2	0.62	0.76	240	239.24	2	0.5	0.183
Meadow	4.6	20	20	3	2	20.3	-2.1	0.112	0.126	0.85	0.095	0.107	40	0.163	2	0.62	0.76	240	239.24	2	0.5	0.160
Meadow	4.6	20	20	3	2	20.3	-2.1	0.112	0.126	0.85	0.095	0.107	52	0.098	2	0.62	0.76	240	239.24	2	0.5	0.095
Meadow	4.6	20	20	3	2	20.3	-2.1	0.112	0.126	0.85	0.095	0.107	68	0.079	2	0.62	0.76	240	239.24	2	0.5	0.075
Meadow	4.6	20	20	3	2	20.3	-2.1	0.112	0.126	0.85	0.095	0.107	85	0.067	2	0.62	0.76	240	239.24	2	0.5	0.063
Meadow	4.6	20	20	3	2	20.3	-2.1	0.112	0.126	0.85	0.095	0.107	99	0.048	2	0.62	0.76	240	239.24	2	0.5	0.044
Meadow	4.6	20	20	3	2	20.3	-2.1	0.112	0.126	0.85	0.095	0.107	115	0.06	2	0.62	0.76	240	239.24	2	0.5	0.056
Meadow	4.6	20	20	3	2	20.3	-2.1	0.112	0.126	0.85	0.095	0.107	125	0.045	2	0.62	0.76	240	239.24	2	0.5	0.041
Meadow	4.6	20	20	3	2	20.3	-2.1	0.112	0.126	0.85	0.095	0.107	151	0.006	2	0.62	0.76	240	239.24	2	0.5	0.002
Meadow	4.6	30	30	1	2	28.9	-0.7	0.152	0.179	0.85	0.129	0.152	0	0.423	2	0.62	0.76	240	239.24	2	0.5	0.422
Meadow	4.6	30	30	1	2	28.9	-0.7	0.152	0.179	0.85	0.129	0.152	15	0.237	2	0.62	0.76	240	239.24	2	0.5	0.235
Meadow	4.6	30	30	1	2	28.9	-0.7	0.152	0.179	0.85	0.129	0.152	29	0.25	2	0.62	0.76	240	239.24	2	0.5	0.248
Meadow	4.6	30	30	1	2	28.9	-0.7	0.152	0.179	0.85	0.129	0.152	43	0.118	2	0.62	0.76	240	239.24	2	0.5	0.115
Meadow	4.6	30	30	1	2	28.9	-0.7	0.152	0.179	0.85	0.129	0.152	58	0.114	2	0.62	0.76	240	239.24	2	0.5	0.111
Meadow	4.6	30	30	1	2	28.9	-0.7	0.152	0.179	0.85	0.129	0.152	71	0.093	2	0.62	0.76	240	239.24	2	0.5	0.090
Meadow	4.6	30	30	1	2	28.9	-0.7	0.152	0.179	0.85	0.129	0.152	86	0.053	2	0.62	0.76	240	239.24	2	0.5	0.049
Meadow	4.6	30	30	1	2	28.9	-0.7	0.152	0.179	0.85	0.129	0.152	102	0.058	2	0.62	0.76	240	239.24	2	0.5	0.054
Meadow	4.6	30	30	1	2	28.9	-0.7	0.152	0.179	0.85	0.129	0.152	116	0.007	2	0.62	0.76	240	239.24	2	0.5	0.003
Meadow	4.6	30	30	2	2	29.5	-0.6	0.154	0.183	0.85	0.131	0.156	0	0.458	2	0.62	0.76	240	239.24	2	0.5	0.458
Meadow	4.6	30	30	2	2	29.5	-0.6	0.154	0.183	0.85	0.131	0.156	14	0.252	2	0.62	0.76	240	239.24	2	0.5	0.250
Meadow	4.6	30	30	2	2	29.5	-0.6	0.154	0.183	0.85	0.131	0.156	27	0.183	2	0.62	0.76	240	239.24	2	0.5	0.180
Meadow	4.6	30	30	2	2	29.5	-0.6	0.154	0.183	0.85	0.131	0.156	42	0.128	2	0.62	0.76	240	239.24	2	0.5	0.125
Meadow	4.6	30	30	2	2	29.5	-0.6	0.154	0.183	0.85	0.131	0.156	56	0.107	2	0.62	0.76	240	239.24	2	0.5	0.104
Meadow	4.6	30	30	2	2	29.5	-0.6	0.154	0.183	0.85	0.131	0.156	70	0.055	2	0.62	0.76	240	239.24	2	0.5	0.051
Meadow	4.6	30	30	2	2	29.5	-0.6	0.154	0.183	0.85	0.131	0.156	85	0.051	2	0.62	0.76	240	239.24	2	0.5	0.047
Meadow	4.6	30	30	2	2	29.5	-0.6	0.154	0.183	0.85	0.131	0.156	101	0.048	2	0.62	0.76	240	239.24	2	0.5	0.044
Meadow	4.6	30	30	2	2	29.5	-0.6	0.154	0.183	0.85	0.131	0.156	115	0.025	2	0.62	0.76	240	239.24	2	0.5	0.021
Meadow	4.6	30	30	3	2	29.1	-0.6	0.153	0.181	0.85	0.130	0.154	0	0.427	2	0.62	0.76	240	239.24	2	0.5	0.426
Meadow	4.6	30	30	3	2	29.1	-0.6	0.153	0.181	0.85	0.130	0.154	13	0.353	2	0.62	0.76	240	239.24	2	0.5	0.352
Meadow	4.6	30	30	3	2	29.1	-0.6	0.153	0.181	0.85	0.130	0.154	30	0.203	2	0.62	0.76	240	239.24	2	0.5	0.201
Meadow	4.6	30	30	3	2	29.1	-0.6	0.153	0.181	0.85	0.130	0.154	43	0.131	2	0.62	0.76	240	239.24	2	0.5	0.128
Meadow	4.6	30	30	3	2	29.1	-0.6	0.153	0.181	0.85	0.130	0.154	56	0.135	2	0.62	0.76	240	239.24	2	0.5	0.132
Meadow	4.6	30	30	3	2	29.1	-0.6	0.153	0.181	0.85	0.130	0.154	71	0.091	2	0.62	0.76	240	239.24	2	0.5	0.088
Meadow	4.6	30	30	3	2	29.1	-0.6	0.153	0.181	0.85	0.130	0.154	86	0.086	2	0.62	0.76	240	239.24	2	0.5	0.083
Meadow	4.6	30	30	3	2	29.1	-0.6	0.153	0.181	0.85	0.130	0.154	101	0.054	2	0.62	0.76	240	239.24	2	0.5	0.050
Meadow	4.6	30	30	3	2	29.1	-0.6	0.153	0.181	0.85	0.130	0.154	115	0.045	2	0.62	0.76	240	239.24	2	0.5	0.041
Meadow	4.6	30	30	3	2	29.1	-0.6	0.153	0.181	0.85	0.130	0.154	126	0.024	2	0.62	0.76	240	239.24	2	0.5	0.020
Meadow	4.6	40	40	1	2	28.7	-0.6	0.151	0.178	0.85	0.128	0.151	0	0.495	2	0.62	0.76	240	239.24	2	0.5	0.495
Meadow	4.6	40	40	1	2	28.7	-0.6	0.151	0.178	0.85	0.128	0.151	14	0.262	2	0.62	0.76	240	239.24	2	0.5	0.260
Meadow	4.6	40	40	1	2	28.7	-0.6	0.151	0.178	0.85	0.128	0.151	27	0.217	2	0.62	0.76	240	239.24	2	0.5	0.215
Meadow	4.6	40	40	1	2	28.7	-0.6	0.151	0.178	0.85	0.128	0.151	43	0.169	2	0.62	0.76	240	239.24	2	0.5	0.166
Meadow	4.6	40	40	1	2	28.7	-0.6	0.151	0.178	0.85	0.128	0.151	57	0.114	2	0.62	0.76	240	239.24	2	0.5	0.111
Meadow	4.6	40	40	1	2	28.7	-0.6	0.151	0.178	0.85	0.128	0.151	70	0.084	2	0.62	0.76	240	239.24	2	0.5	0.081
Meadow	4.6	40	40	1	2	28.7	-0.6	0.151	0.178	0.85	0.128	0.151	88	0.062	2	0.62	0.76	240	239.24	2	0.5	0.058
Meadow	4.6	40	40	1	2	28.7	-0.6	0.151	0.178	0.85	0.128	0.151	104	0.07	2	0.62	0.76	240	239.24	2	0.5	0.066
Meadow	4.6	40	40	1	2	28.7	-0.6	0.151	0.178	0.85	0.128	0.151	124	0.068	2	0.62	0.76	240	239.24	2	0.5	0.064
Meadow	4.6	40	40	1	2	28.7	-0.6	0.151	0.178	0.85	0.128	0.151	143	0.036	2	0.62	0.76	240	239.24	2	0.5	0.032
Meadow	4.6	40	40	1	2	28.7	-0.6	0.151	0.178	0.85	0.128	0.151	156	0.032	2	0.62	0.76	240	239.24	2	0.5	0.028
Meadow	4.6	40	40	2	2	25.7	-1.1	0.137	0.159	0.85	0.116	0.135	0	0.485	2	0.62	0.76	240	239.24	2	0.5	0.485
Meadow	4.6	40	40	2	2	25.7	-1.1	0.137	0.159	0.85	0.116	0.135	13	0.285	2	0.62	0.76	240	239.24	2	0.5	0.283
Meadow	4.6	40	40	2	2	25.7	-1.1	0.137	0.159	0.85	0.116	0.135	34	0.216	2	0.62	0.76	240	239.24	2	0.5	0.214
Meadow	4.6	40	40	2	2	25.7	-1.1	0.137	0.159	0.85	0.116	0.135	43	0.186	2	0.62	0.76	240	239.24	2	0.5	0.183
Meadow	4.6	40	40	2	2	25.7	-1.1	0.137	0.159	0.85	0.116	0.135	56	0.15	2	0.62	0.76	240	239.24	2	0.5	0.147
Meadow	4.6	40	40	2	2	25.7	-1.1	0.137	0.159	0.85	0.116	0.135	70	0.065	2	0.62	0.76	240	239.24	2	0.5	0.061
Meadow	4.6	40	40	2	2	25.7	-1.1	0.137	0.159	0.85	0.116	0.135	74	0.052	2	0.62	0.76	240	239.24	2	0.5	0.048
Meadow	4.6	40	40	2	2	25.7	-1.1	0.137	0.159	0.85	0.116	0.135	87	0.07	2	0.62	0.76	240	239.24	2	0.5	0.066
Meadow	4.6	40	40	2	2	25.7	-1.1	0.137	0.159	0.85	0.116	0.135	104	0.049	2	0.62	0.76	240	239.24	2	0.5	0.045
Meadow	4.6	40	40	2	2	25.7	-1.1	0.137	0.159	0.85	0.116	0.135	124	0.015	2	0.62	0.76	240	239.24	2	0.5	0.011
Meadow	4.6	40	40	3	2	31.1	-0.5	0.162	0.193	0.85	0.138	0.164	0	0.464	2	0.62	0.76	240	239.24	2	0.5	0.464
Meadow	4.6	40	40	3	2	31.1	-0.5	0.162	0.193	0.85	0.138	0.164	12	0.371	2	0.62	0.76	240	239.24	2	0.5	0.370
Meadow	4.6	40	40	3	2	31.1	-0.5	0.162	0.193	0.85	0.138	0.164	25	0.235	2	0.62	0.76	240	239.24	2	0.5	0.233
Meadow	4.6	40	40	3	2	31.1	-0.5	0.162	0.193	0.85	0.138	0.164	42	0.166	2	0.62	0.76	240	239.24	2	0.5	0.163
Meadow	4.6	40	40	3	2	31.1	-0.5	0.162	0.193	0.85	0.138	0.164	56	0.095	2	0.62	0.76	240	239.24	2	0.5	0.092
Meadow	4.6	40	40	3	2	31.1	-0.5	0.162	0.193	0.85	0.138	0.164	73	0.093	2	0.62	0.76	240	239.24	2	0.5	0.090
Meadow	4.6	40	40	3	2	31.1	-0.5	0.162	0.193	0.85	0.138	0.164	86	0.083	2	0.62	0.76	240	239.24	2	0.5	0.080
Meadow	4.6	40	40	3	2	31.1	-0.5	0.162	0.193	0.85	0.138	0.164	103	0.058	2	0.62	0.76	240	239.24	2	0.5	0.054
Meadow	4.6	40	40	3	2	31.1	-0.5	0.162	0.193	0.85	0.138	0.164	123	0.038	2	0.62	0.76	240	239.24	2	0.5	0.034
Meadow	4.6	40	40	3	2	31.1	-0.5	0.162	0.193	0.85	0.138	0.164	137	0.025	2	0.62	0.76	240	239.24	2	0.5	0.021
Meadow	4.6	50	50	1	2	49	-0.15	0.233	0.304	0.85	0.198	0.258	0	0.567	2	0.62	0.76	240	239.24	2	0.5	0.568
Meadow	4.6	50	50	1	2	49	-0.15	0.233	0.304	0.85	0.198	0.258	18	0.416	2	0.62	0.76	240	239.24	2	0.5	0.415
Meadow	4.6	50	50	1	2	49	-0.15	0.233	0.304	0.85	0.198	0.258	32	0.31	2	0.62	0.76	240	239.24	2	0.5	0.308
Meadow	4.6	50	50	1	2	49	-0.15	0.233	0.304	0.85	0.198	0.258	46	0.295	2	0.62	0.76	240	239.24	2	0.5	0.293
Meadow	4.6	50	50	1	2	49	-0.15	0.233	0.304	0.85	0.198	0.258	61	0.162	2	0.62	0.76	240	239.24	2	0.5	0.159
Meadow	4.6	50	50	1	2	49	-0.15	0.233	0.304	0.85	0.198	0.258	76	0.125	2	0.62	0.76	240	239.24	2	0.5	0.122
Meadow	4.6	50	50	1	2	49	-0.15	0.233	0.304	0.85	0.198	0.258	95	0.105	2	0.62	0.76	240	239.24	2	0.5	0.102
Meadow	4.6	50	50	1	2	49	-0.15	0.233	0.304	0.85	0.198	0.258	115	0.104	2	0.62	0.76	240	239.24	2	0.5	0.101
Meadow	4.6	50	50	1	2	49	-0.15	0.233	0.304	0.85	0.198	0.258	134	0.064	2	0.62	0.76	240	239.24	2	0.5	0.060
Meadow	4.6	50	50	2	2	50	-0.23	0.237	0.31	0.85	0.201	0.264	0	0.539	2	0.62	0.76	240	239.24	2	0.5	0.539
Meadow	4.6	50	50	2	2	50	-0.23	0.237	0.31	0.85	0.201	0.264	16	0.339	2	0.62	0.76	240	239.24	2	0.5	0.338
Meadow	4.6	50	50	2	2	50	-0.23	0.237	0.31	0.85	0.201	0.264	29	0.226	2	0.62	0.76	240	239.24	2	0.5	0.224
Meadow	4.6	50	50	2	2	50	-0.23	0.237	0.31	0.85	0.201	0.264	45	0.228	2	0.62	0.76	240	239.24	2	0.5	0.226
Meadow	4.6	50	50	2	2	50	-0.23	0.237	0.31	0.85	0.201	0.264	58	0.2	2	0.62	0.76	240	239.24	2	0.5	0.197
Meadow	4.6	50	50	2	2	50	-0.23	0.237	0.31	0.85	0.201	0.264	74	0.148	2	0.62	0.76	240	239.24	2	0.5	0.145
Meadow	4.6	50	50	2	2	50	-0.23	0.237	0.31	0.85	0.201	0.264	93	0.101	2	0.62	0.76	240	239.24	2	0.5	0.098
Meadow	4.6	50	50	2	2	50	-0.23	0.237	0.31	0.85	0.201	0.264	112	0.069	2	0.62	0.76	240	239.24	2	0.5	0.065
Meadow	4.6	50	50	2	2	50	-0.23	0.237	0.31	0.85	0.201	0.264	132	0.052	2	0.62	0.76	240	239.24	2	0.5	0.048
Meadow	4.6	50	50	3	2	48.1	-0.15	0.23	0.298	0.85	0.196	0.253	0	0.519	2	0.62	0.76	240	239.24	2	0.5	0.519
Meadow	4.6	50	50	3	2	48.1	-0.15	0.23	0.298	0.85	0.196	0.253	13	0.396	2	0.62	0.76	240	239.24	2	0.5	0.395
Meadow	4.6	50	50	3	2	48.1	-0.15	0.23	0.298	0.85	0.196	0.253	27	0.331	2	0.62	0.76	240	239.24	2	0.5	0.330
Meadow	4.6	50	50	3	2	48.1	-0.15	0.23	0.298	0.85	0.196	0.253	42	0.207	2	0.62	0.76	240	239.24	2	0.5	0.205
Meadow	4.6	50	50	3	2	48.1	-0.15	0.23	0.298	0.85	0.196	0.253	55	0.184	2	0.62	0.76	240	239.24	2	0.5	0.181
Meadow	4.6	50	50	3	2	48.1	-0.15	0.23	0.298	0.85	0.196	0.253	71	0.147	2	0.62	0.76	240	239.24	2	0.5	0.144
Meadow	4.6	50	50	3	2	48.1	-0.15	0.23	0.298	0.85	0.196	0.253	90	0.091	2	0.62	0.76	240	239.24	2	0.5	0.088
Meadow	4.6	50	50	3	2	48.1	-0.15	0.23	0.298	0.85	0.196	0.253	111	0.098	2	0.62	0.76	240	239.24	2	0.5	0.095
Meadow	4.6	50	50	3	2	48.1	-0.15	0.23	0.298	0.85	0.196	0.253	129	0.068	2	0.62	0.76	240	239.24	2	0.5	0.064
Meadow	4.6	7	7	1	2	6.7	-61.4	0.04	0.041	0.85	0.034	0.035	0	0.447	2	0.62	0.76	240	239.24	2	0.5	0.447
Meadow	4.6	7	7	1	2	6.7	-61.4	0.04	0.041	0.85	0.034	0.035	15	0.399	2	0.62	0.76	240	239.24	2	0.5	0.398
Meadow	4.6	7	7	1	2	6.7	-61.4	0.04	0.041	0.85	0.034	0.035	31	0.398	2	0.62	0.76	240	239.24	2	0.5	0.397
Meadow	4.6	7	7	1	2	6.7	-61.4	0.04	0.041	0.85	0.034	0.035	45	0.449	2	0.62	0.76	240	239.24	2	0.5	0.449
Meadow	4.6	7	7	1	2	6.7	-61.4	0.04	0.041	0.85	0.034	0.035	60	0.354	2	0.62	0.76	240	239.24	2	0.5	0.353
Meadow	4.6	7	7	1	2	6.7	-61.4	0.04	0.041	0.85	0.034	0.035	75	0.392	2	0.62	0.76	240	239.24	2	0.5	0.391
Meadow	4.6	7	7	1	2	6.7	-61.4	0.04	0.041	0.85	0.034	0.035	95	0.361	2	0.62	0.76	240	239.24	2	0.5	0.360
Meadow	4.6	7	7	1	2	6.7	-61.4	0.04	0.041	0.85	0.034	0.035	115	0.28	2	0.62	0.76	240	239.24	2	0.5	0.278
Meadow	4.6	7	7	1	2	6.7	-61.4	0.04	0.041	0.85	0.034	0.035	135	0.298	2	0.62	0.76	240	239.24	2	0.5	0.296
Meadow	4.6	7	7	1	2	6.7	-61.4	0.04	0.041	0.85	0.034	0.035	167	0.262	2	0.62	0.76	240	239.24	2	0.5	0.260
Meadow	4.6	7	7	1	2	6.7	-61.4	0.04	0.041	0.85	0.034	0.035	207	0.288	2	0.62	0.76	240	239.24	2	0.5	0.286
Meadow	4.6	7	7	1	2	6.7	-61.4	0.04	0.041	0.85	0.034	0.035	242	0.265	2	0.62	0.76	240	239.24	2	0.5	0.263
Meadow	4.6	7	7	1	2	6.7	-61.4	0.04	0.041	0.85	0.034	0.035	274	0.277	2	0.62	0.76	240	239.24	2	0.5	0.275
Meadow	4.6	7	7	1	2	6.7	-61.4	0.04	0.041	0.85	0.034	0.035	311	0.259	2	0.62	0.76	240	239.24	2	0.5	0.257
Meadow	4.6	7	7	1	2	6.7	-61.4	0.04	0.041	0.85	0.034	0.035	342	0.217	2	0.62	0.76	240	239.24	2	0.5	0.215
Meadow	4.6	7	7	2	2	8.3	-36.1	0.049	0.052	0.85	0.042	0.044	0	0.464	2	0.62	0.76	240	239.24	2	0.5	0.464
Meadow	4.6	7	7	2	2	8.3	-36.1	0.049	0.052	0.85	0.042	0.044	15	0.418	2	0.62	0.76	240	239.24	2	0.5	0.417
Meadow	4.6	7	7	2	2	8.3	-36.1	0.049	0.052	0.85	0.042	0.044	30	0.384	2	0.62	0.76	240	239.24	2	0.5	0.383
Meadow	4.6	7	7	2	2	8.3	-36.1	0.049	0.052	0.85	0.042	0.044	45	0.313	2	0.62	0.76	240	239.24	2	0.5	0.311
Meadow	4.6	7	7	2	2	8.3	-36.1	0.049	0.052	0.85	0.042	0.044	60	0.341	2	0.62	0.76	240	239.24	2	0.5	0.340
Meadow	4.6	7	7	2	2	8.3	-36.1	0.049	0.052	0.85	0.042	0.044	75	0.261	2	0.62	0.76	240	239.24	2	0.5	0.259
Meadow	4.6	7	7	2	2	8.3	-36.1	0.049	0.052	0.85	0.042	0.044	95	0.251	2	0.62	0.76	240	239.24	2	0.5	0.249
Meadow	4.6	7	7	2	2	8.3	-36.1	0.049	0.052	0.85	0.042	0.044	115	0.281	2	0.62	0.76	240	239.24	2	0.5	0.279
Meadow	4.6	7	7	2	2	8.3	-36.1	0.049	0.052	0.85	0.042	0.044	135	0.292	2	0.62	0.76	240	239.24	2	0.5	0.290
Meadow	4.6	7	7	2	2	8.3	-36.1	0.049	0.052	0.85	0.042	0.044	167	0.212	2	0.62	0.76	240	239.24	2	0.5	0.210
Meadow	4.6	7	7	2	2	8.3	-36.1	0.049	0.052	0.85	0.042	0.044	208	0.188	2	0.62	0.76	240	239.24	2	0.5	0.185
Meadow	4.6	7	7	2	2	8.3	-36.1	0.049	0.052	0.85	0.042	0.044	242	0.167	2	0.62	0.76	240	239.24	2	0.5	0.164
Meadow	4.6	7	7	2	2	8.3	-36.1	0.049	0.052	0.85	0.042	0.044	275	0.136	2	0.62	0.76	240	239.24	2	0.5	0.133
Meadow	4.6	7	7	2	2	8.3	-36.1	0.049	0.052	0.85	0.042	0.044	311	0.121	2	0.62	0.76	240	239.24	2	0.5	0.118
Meadow	4.6	7	7	2	2	8.3	-36.1	0.049	0.052	0.85	0.042	0.044	342	0.109	2	0.62	0.76	240	239.24	2	0.5	0.106
Meadow	4.6	7	7	3	2	7	-53.1	0.042	0.043	0.85	0.036	0.037	0	0.475	2	0.62	0.76	240	239.24	2	0.5	0.475
Meadow	4.6	7	7	3	2	7	-53.1	0.042	0.043	0.85	0.036	0.037	15	0.461	2	0.62	0.76	240	239.24	2	0.5	0.461
Meadow	4.6	7	7	3	2	7	-53.1	0.042	0.043	0.85	0.036	0.037	31	0.405	2	0.62	0.76	240	239.24	2	0.5	0.404
Meadow	4.6	7	7	3	2	7	-53.1	0.042	0.043	0.85	0.036	0.037	45	0.338	2	0.62	0.76	240	239.24	2	0.5	0.337
Meadow	4.6	7	7	3	2	7	-53.1	0.042	0.043	0.85	0.036	0.037	60	0.464	2	0.62	0.76	240	239.24	2	0.5	0.464
Meadow	4.6	7	7	3	2	7	-53.1	0.042	0.043	0.85	0.036	0.037	75	0.417	2	0.62	0.76	240	239.24	2	0.5	0.416
Meadow	4.6	7	7	3	2	7	-53.1	0.042	0.043	0.85	0.036	0.037	95	0.387	2	0.62	0.76	240	239.24	2	0.5	0.386
Meadow	4.6	7	7	3	2	7	-53.1	0.042	0.043	0.85	0.036	0.037	115	0.312	2	0.62	0.76	240	239.24	2	0.5	0.310
Meadow	4.6	7	7	3	2	7	-53.1	0.042	0.043	0.85	0.036	0.037	135	0.323	2	0.62	0.76	240	239.24	2	0.5	0.322
Meadow	4.6	7	7	3	2	7	-53.1	0.042	0.043	0.85	0.036	0.037	167	0.329	2	0.62	0.76	240	239.24	2	0.5	0.328
Meadow	4.6	7	7	3	2	7	-53.1	0.042	0.043	0.85	0.036	0.037	208	0.265	2	0.62	0.76	240	239.24	2	0.5	0.263
Meadow	4.6	7	7	3	2	7	-53.1	0.042	0.043	0.85	0.036	0.037	242	0.302	2	0.62	0.76	240	239.24	2	0.5	0.300
Meadow	4.6	7	7	3	2	7	-53.1	0.042	0.043	0.85	0.036	0.037	275	0.301	2	0.62	0.76	240	239.24	2	0.5	0.299
Meadow	4.6	7	7	3	2	7	-53.1	0.042	0.043	0.85	0.036	0.037	311	0.246	2	0.62	0.76	240	239.24	2	0.5	0.244
Meadow	4.6	7	7	3	2	7	-53.1	0.042	0.043	0.85	0.036	0.037	342	0.281	2	0.62	0.76	240	239.24	2	0.5	0.279
Meadow	4.6	5	5	1	2	4.8	-118.6	0.029	0.03	0.85	0.025	0.026	0	0.489	2	0.62	0.76	240	239.24	2	0.5	0.489
Meadow	4.6	5	5	1	2	4.8	-118.6	0.029	0.03	0.85	0.025	0.026	12	0.529	2	0.62	0.76	240	239.24	2	0.5	0.529
Meadow	4.6	5	5	1	2	4.8	-118.6	0.029	0.03	0.85	0.025	0.026	48	0.469	2	0.62	0.76	240	239.24	2	0.5	0.469
Meadow	4.6	5	5	1	2	4.8	-118.6	0.029	0.03	0.85	0.025	0.026	72	0.5	2	0.62	0.76	240	239.24	2	0.5	0.500
Meadow	4.6	5	5	1	2	4.8	-118.6	0.029	0.03	0.85	0.025	0.026	119	0.514	2	0.62	0.76	240	239.24	2	0.5	0.514
Meadow	4.6	5	5	1	2	4.8	-118.6	0.029	0.03	0.85	0.025	0.026	152	0.459	2	0.62	0.76	240	239.24	2	0.5	0.459
Meadow	4.6	5	5	2	2	4.7	-116.6	0.029	0.029	0.85	0.025	0.025	0	0.58	2	0.62	0.76	240	239.24	2	0.5	0.581
Meadow	4.6	5	5	2	2	4.7	-116.6	0.029	0.029	0.85	0.025	0.025	12	0.489	2	0.62	0.76	240	239.24	2	0.5	0.489
Meadow	4.6	5	5	2	2	4.7	-116.6	0.029	0.029	0.85	0.025	0.025	48	0.497	2	0.62	0.76	240	239.24	2	0.5	0.497
Meadow	4.6	5	5	2	2	4.7	-116.6	0.029	0.029	0.85	0.025	0.025	71	0.516	2	0.62	0.76	240	239.24	2	0.5	0.516
Meadow	4.6	5	5	2	2	4.7	-116.6	0.029	0.029	0.85	0.025	0.025	119	0.508	2	0.62	0.76	240	239.24	2	0.5	0.508
Meadow	4.6	5	5	2	2	4.7	-116.6	0.029	0.029	0.85	0.025	0.025	151	0.52	2	0.62	0.76	240	239.24	2	0.5	0.520
Meadow	4.6	5	5	3	2	4.8	-116.5	0.029	0.03	0.85	0.025	0.026	0	0.538	2	0.62	0.76	240	239.24	2	0.5	0.538
Meadow	4.6	5	5	3	2	4.8	-116.5	0.029	0.03	0.85	0.025	0.026	34	0.544	2	0.62	0.76	240	239.24	2	0.5	0.544
Meadow	4.6	5	5	3	2	4.8	-116.5	0.029	0.03	0.85	0.025	0.026	58	0.548	2	0.62	0.76	240	239.24	2	0.5	0.548
Meadow	4.6	5	5	3	2	4.8	-116.5	0.029	0.03	0.85	0.025	0.026	105	0.471	2	0.62	0.76	240	239.24	2	0.5	0.471
Meadow	4.6	5	5	3	2	4.8	-116.5	0.029	0.03	0.85	0.025	0.026	119	0.518	2	0.62	0.76	240	239.24	2	0.5	0.518
Meadow	4.6	5	5	3	2	4.8	-116.5	0.029	0.03	0.85	0.025	0.026	152	0.534	2	0.62	0.76	240	239.24	2	0.5	0.534
Meadow	4.6	air-dried	air-dried	1	2	5.6	-105.11	0.033	0.035	0.85	0.028	0.030	0	0.538	2	0.62	0.76	240	239.24	2	0.5	0.538
Meadow	4.6	air-dried	air-dried	1	2	5.6	-105.11	0.033	0.035	0.85	0.028	0.030	30	0.487	2	0.62	0.76	240	239.24	2	0.5	0.487
Meadow	4.6	air-dried	air-dried	1	2	5.6	-105.11	0.033	0.035	0.85	0.028	0.030	68	0.526	2	0.62	0.76	240	239.24	2	0.5	0.526
Meadow	4.6	air-dried	air-dried	1	2	5.6	-105.11	0.033	0.035	0.85	0.028	0.030	102	0.599	2	0.62	0.76	240	239.24	2	0.5	0.600
Meadow	4.6	air-dried	air-dried	1	2	5.6	-105.11	0.033	0.035	0.85	0.028	0.030	129	0.539	2	0.62	0.76	240	239.24	2	0.5	0.539
Meadow	4.6	air-dried	air-dried	2	2	5.5	-114.44	0.033	0.034	0.85	0.028	0.029	0	0.588	2	0.62	0.76	240	239.24	2	0.5	0.589
Meadow	4.6	air-dried	air-dried	2	2	5.5	-114.44	0.033	0.034	0.85	0.028	0.029	30	0.489	2	0.62	0.76	240	239.24	2	0.5	0.489
Meadow	4.6	air-dried	air-dried	2	2	5.5	-114.44	0.033	0.034	0.85	0.028	0.029	72	0.553	2	0.62	0.76	240	239.24	2	0.5	0.553
Meadow	4.6	air-dried	air-dried	2	2	5.5	-114.44	0.033	0.034	0.85	0.028	0.029	101	0.589	2	0.62	0.76	240	239.24	2	0.5	0.590
Meadow	4.6	air-dried	air-dried	2	2	5.5	-114.44	0.033	0.034	0.85	0.028	0.029	128	0.485	2	0.62	0.76	240	239.24	2	0.5	0.485
Meadow	4.6	air-dried	air-dried	3	2	5.4	-113.9	0.032	0.033	0.85	0.027	0.028	0	0.519	2	0.62	0.76	240	239.24	2	0.5	0.519
Meadow	4.6	air-dried	air-dried	3	2	5.4	-113.9	0.032	0.033	0.85	0.027	0.028	30	0.492	2	0.62	0.76	240	239.24	2	0.5	0.492
Meadow	4.6	air-dried	air-dried	3	2	5.4	-113.9	0.032	0.033	0.85	0.027	0.028	72	0.544	2	0.62	0.76	240	239.24	2	0.5	0.544
Meadow	4.6	air-dried	air-dried	3	2	5.4	-113.9	0.032	0.033	0.85	0.027	0.028	100	0.501	2	0.62	0.76	240	239.24	2	0.5	0.501
Meadow	4.6	air-dried	air-dried	3	2	5.4	-113.9	0.032	0.033	0.85	0.027	0.028	128	0.482	2	0.62	0.76	240	239.24	2	0.5	0.482
PB_sand	4.1	1.5	1.5	1	4	1.2	-95.4	0.005	0.004	1.371	0.007	0.005	0	0.450	3	0.42	1.74	240	238.26	2	0.6	0.449
PB_sand	4.1	1.5	1.5	1	4	1.2	-95.4	0.005	0.004	1.371	0.007	0.005	15	0.486	3	0.42	1.74	241	239.26	2	0.5	0.486
PB_sand	4.1	1.5	1.5	1	4	1.2	-95.4	0.005	0.004	1.371	0.007	0.005	27	0.452	3	0.42	1.74	242	240.26	2	0.5	0.452
PB_sand	4.1	1.5	1.5	1	4	1.2	-95.4	0.005	0.004	1.371	0.007	0.005	51	0.441	3	0.42	1.74	243	241.26	2	0.5	0.441
PB_sand	4.1	1.5	1.5	1	4	1.2	-95.4	0.005	0.004	1.371	0.007	0.005	73	0.463	3	0.42	1.74	244	242.26	2	0.5	0.463
PB_sand	4.1	1.5	1.5	1	4	1.2	-95.4	0.005	0.004	1.371	0.007	0.005	93	0.450	3	0.42	1.74	245	243.26	2	0.5	0.449
PB_sand	4.1	1.5	1.5	1	4	1.2	-95.4	0.005	0.004	1.371	0.007	0.005	118	0.402	3	0.42	1.74	246	244.26	2	0.5	0.401
PB_sand	4.1	1.5	1.5	1	4	1.2	-95.4	0.005	0.004	1.371	0.007	0.005	122	0.416	3	0.42	1.74	247	245.26	2	0.5	0.416
PB_sand	4.1	1.5	1.5	2	4	1.1	-91.84	0.004	0.003	1.371	0.005	0.004	0	0.484	3	0.42	1.74	248	246.26	2	0.6	0.483
PB_sand	4.1	1.5	1.5	2	4	1.1	-91.84	0.004	0.003	1.371	0.005	0.004	14	0.436	3	0.42	1.74	249	247.26	2	0.5	0.436
PB_sand	4.1	1.5	1.5	2	4	1.1	-91.84	0.004	0.003	1.371	0.005	0.004	27	0.445	3	0.42	1.74	250	248.26	2	0.5	0.444
PB_sand	4.1	1.5	1.5	2	4	1.1	-91.84	0.004	0.003	1.371	0.005	0.004	51	0.421	3	0.42	1.74	251	249.26	2	0.5	0.420
PB_sand	4.1	1.5	1.5	2	4	1.1	-91.84	0.004	0.003	1.371	0.005	0.004	72	0.368	3	0.42	1.74	252	250.26	2	0.5	0.367
PB_sand	4.1	1.5	1.5	2	4	1.1	-91.84	0.004	0.003	1.371	0.005	0.004	93	0.415	3	0.42	1.74	253	251.26	2	0.5	0.414
PB_sand	4.1	1.5	1.5	2	4	1.1	-91.84	0.004	0.003	1.371	0.005	0.004	121	0.448	3	0.42	1.74	254	252.26	2	0.5	0.447
PB_sand	4.1	1.5	1.5	3	4	0.9	-94.21	0.004	0.003	1.371	0.005	0.004	0	0.472	3	0.42	1.74	255	253.26	2	0.6	0.471
PB_sand	4.1	1.5	1.5	3	4	0.9	-94.21	0.004	0.003	1.371	0.005	0.004	12	0.451	3	0.42	1.74	256	254.26	2	0.5	0.451
PB_sand	4.1	1.5	1.5	3	4	0.9	-94.21	0.004	0.003	1.371	0.005	0.004	25	0.468	3	0.42	1.74	257	255.26	2	0.5	0.468
PB_sand	4.1	1.5	1.5	3	4	0.9	-94.21	0.004	0.003	1.371	0.005	0.004	49	0.419	3	0.42	1.74	258	256.26	2	0.5	0.419
PB_sand	4.1	1.5	1.5	3	4	0.9	-94.21	0.004	0.003	1.371	0.005	0.004	70	0.433	3	0.42	1.74	259	257.26	2	0.5	0.432
PB_sand	4.1	1.5	1.5	3	4	0.9	-94.21	0.004	0.003	1.371	0.005	0.004	91	0.445	3	0.42	1.74	260	258.26	2	0.5	0.445
PB_sand	4.1	1.5	1.5	3	4	0.9	-94.21	0.004	0.003	1.371	0.005	0.004	119	0.456	3	0.42	1.74	261	259.26	2	0.5	0.455
PB_sand	4.1	2	2	1	4	1.8	-89.5	0.007	0.007	1.371	0.010	0.010	0	0.470	3	0.42	1.74	240	238.26	2	0.6	0.468
PB_sand	4.1	2	2	1	4	1.8	-89.5	0.007	0.007	1.371	0.010	0.010	4	0.383	3	0.42	1.74	240	238.26	2	0.6	0.381
PB_sand	4.1	2	2	1	4	1.8	-89.5	0.007	0.007	1.371	0.010	0.010	18	0.422	3	0.42	1.74	240	238.26	2	0.6	0.420
PB_sand	4.1	2	2	1	4	1.8	-89.5	0.007	0.007	1.371	0.010	0.010	30	0.424	3	0.42	1.74	240	238.26	2	0.6	0.423
PB_sand	4.1	2	2	1	4	1.8	-89.5	0.007	0.007	1.371	0.010	0.010	52	0.400	3	0.42	1.74	240	238.26	2	0.6	0.398
PB_sand	4.1	2	2	1	4	1.8	-89.5	0.007	0.007	1.371	0.010	0.010	89	0.377	3	0.42	1.74	240	238.26	2	0.6	0.376
PB_sand	4.1	2	2	1	4	1.8	-89.5	0.007	0.007	1.371	0.010	0.010	152	0.434	3	0.42	1.74	240	238.26	2	0.6	0.433
PB_sand	4.1	2	2	1	4	1.8	-89.5	0.007	0.007	1.371	0.010	0.010	217	0.318	3	0.42	1.74	240	238.26	2	0.6	0.316
PB_sand	4.1	2	2	1	4	1.8	-89.5	0.007	0.007	1.371	0.010	0.010	273	0.339	3	0.42	1.74	240	238.26	2	0.6	0.337
PB_sand	4.1	2	2	1	4	1.8	-89.5	0.007	0.007	1.371	0.010	0.010	365	0.323	3	0.42	1.74	240	238.26	2	0.6	0.321
PB_sand	4.1	2	2	1	4	1.8	-89.5	0.007	0.007	1.371	0.010	0.010	498	0.313	3	0.42	1.74	240	238.26	2	0.6	0.311
PB_sand	4.1	2	2	2	4	1.5	-72.17	0.006	0.006	1.371	0.008	0.008	0	0.408	3	0.42	1.74	240	238.26	2	0.6	0.407
PB_sand	4.1	2	2	2	4	1.5	-72.17	0.006	0.006	1.371	0.008	0.008	13	0.410	3	0.42	1.74	240	238.26	2	0.6	0.408
PB_sand	4.1	2	2	2	4	1.5	-72.17	0.006	0.006	1.371	0.008	0.008	25	0.389	3	0.42	1.74	240	238.26	2	0.6	0.387
PB_sand	4.1	2	2	2	4	1.5	-72.17	0.006	0.006	1.371	0.008	0.008	48	0.354	3	0.42	1.74	240	238.26	2	0.6	0.352
PB_sand	4.1	2	2	2	4	1.5	-72.17	0.006	0.006	1.371	0.008	0.008	84	0.381	3	0.42	1.74	240	238.26	2	0.6	0.379
PB_sand	4.1	2	2	2	4	1.5	-72.17	0.006	0.006	1.371	0.008	0.008	155	0.244	3	0.42	1.74	240	238.26	2	0.6	0.241
PB_sand	4.1	2	2	2	4	1.5	-72.17	0.006	0.006	1.371	0.008	0.008	213	0.290	3	0.42	1.74	240	238.26	2	0.6	0.287
PB_sand	4.1	2	2	2	4	1.5	-72.17	0.006	0.006	1.371	0.008	0.008	269	0.289	3	0.42	1.74	240	238.26	2	0.6	0.286
PB_sand	4.1	2	2	2	4	1.5	-72.17	0.006	0.006	1.371	0.008	0.008	361	0.248	3	0.42	1.74	240	238.26	2	0.6	0.245
PB_sand	4.1	2	2	2	4	1.5	-72.17	0.006	0.006	1.371	0.008	0.008	493	0.146	3	0.42	1.74	240	238.26	2	0.6	0.142
PB_sand	4.1	2	2	3	4	1.3	-89.73	0.005	0.005	1.371	0.007	0.007	0	0.503	3	0.42	1.74	240	238.26	2	0.6	0.502
PB_sand	4.1	2	2	3	4	1.3	-89.73	0.005	0.005	1.371	0.007	0.007	13	0.398	3	0.42	1.74	240	238.26	2	0.6	0.396
PB_sand	4.1	2	2	3	4	1.3	-89.73	0.005	0.005	1.371	0.007	0.007	25	0.421	3	0.42	1.74	240	238.26	2	0.6	0.419
PB_sand	4.1	2	2	3	4	1.3	-89.73	0.005	0.005	1.371	0.007	0.007	48	0.467	3	0.42	1.74	240	238.26	2	0.6	0.466
PB_sand	4.1	2	2	3	4	1.3	-89.73	0.005	0.005	1.371	0.007	0.007	85	0.486	3	0.42	1.74	240	238.26	2	0.6	0.485
PB_sand	4.1	2	2	3	4	1.3	-89.73	0.005	0.005	1.371	0.007	0.007	156	0.398	3	0.42	1.74	240	238.26	2	0.6	0.397
PB_sand	4.1	2	2	3	4	1.3	-89.73	0.005	0.005	1.371	0.007	0.007	213	0.423	3	0.42	1.74	240	238.26	2	0.6	0.422
PB_sand	4.1	2	2	3	4	1.3	-89.73	0.005	0.005	1.371	0.007	0.007	269	0.293	3	0.42	1.74	240	238.26	2	0.6	0.290
PB_sand	4.1	2	2	3	4	1.3	-89.73	0.005	0.005	1.371	0.007	0.007	361	0.344	3	0.42	1.74	240	238.26	2	0.6	0.342
PB_sand	4.1	2	2	3	4	1.3	-89.73	0.005	0.005	1.371	0.007	0.007	493	0.302	3	0.42	1.74	240	238.26	2	0.6	0.299
PB_sand	4.1	5	5	1	4	2.7	-5.46	0.01	0.009	1.371	0.014	0.012	0	0.436	3	0.42	1.74	240	238.26	2	0.6	0.434
PB_sand	4.1	5	5	1	4	2.7	-5.46	0.01	0.009	1.371	0.014	0.012	13	0.299	3	0.42	1.74	240	238.26	2	0.6	0.297
PB_sand	4.1	5	5	1	4	2.7	-5.46	0.01	0.009	1.371	0.014	0.012	25	0.226	3	0.42	1.74	240	238.26	2	0.6	0.223
PB_sand	4.1	5	5	1	4	2.7	-5.46	0.01	0.009	1.371	0.014	0.012	38	0.116	3	0.42	1.74	240	238.26	2	0.6	0.112
PB_sand	4.1	5	5	1	4	2.7	-5.46	0.01	0.009	1.371	0.014	0.012	50	0.040	3	0.42	1.74	240	238.26	2	0.6	0.035
PB_sand	4.1	5	5	1	4	2.7	-5.46	0.01	0.009	1.371	0.014	0.012	63	0.036	3	0.42	1.74	240	238.26	2	0.6	0.032
PB_sand	4.1	5	5	1	4	2.7	-5.46	0.01	0.009	1.371	0.014	0.012	75	0.031	3	0.42	1.74	240	238.26	2	0.6	0.026
PB_sand	4.1	5	5	1	4	2.7	-5.46	0.01	0.009	1.371	0.014	0.012	87	0.029	3	0.42	1.74	240	238.26	2	0.6	0.025
PB_sand	4.1	5	5	1	4	2.7	-5.46	0.01	0.009	1.371	0.014	0.012	100	0.025	3	0.42	1.74	240	238.26	2	0.6	0.020
PB_sand	4.1	5	5	2	4	2.8	-3.97	0.011	0.008	1.371	0.015	0.011	0	0.394	3	0.42	1.74	240	238.26	2	0.6	0.392
PB_sand	4.1	5	5	2	4	2.8	-3.97	0.011	0.008	1.371	0.015	0.011	12	0.229	3	0.42	1.74	240	238.26	2	0.6	0.226
PB_sand	4.1	5	5	2	4	2.8	-3.97	0.011	0.008	1.371	0.015	0.011	25	0.127	3	0.42	1.74	240	238.26	2	0.6	0.123
PB_sand	4.1	5	5	2	4	2.8	-3.97	0.011	0.008	1.371	0.015	0.011	37	0.084	3	0.42	1.74	240	238.26	2	0.6	0.080
PB_sand	4.1	5	5	2	4	2.8	-3.97	0.011	0.008	1.371	0.015	0.011	50	0.079	3	0.42	1.74	240	238.26	2	0.6	0.074
PB_sand	4.1	5	5	2	4	2.8	-3.97	0.011	0.008	1.371	0.015	0.011	62	0.033	3	0.42	1.74	240	238.26	2	0.6	0.028
PB_sand	4.1	5	5	2	4	2.8	-3.97	0.011	0.008	1.371	0.015	0.011	74	0.009	3	0.42	1.74	240	238.26	2	0.6	0.004
PB_sand	4.1	5	5	2	4	2.8	-3.97	0.011	0.008	1.371	0.015	0.011	87	0.038	3	0.42	1.74	240	238.26	2	0.6	0.034
PB_sand	4.1	5	5	2	4	2.8	-3.97	0.011	0.008	1.371	0.015	0.011	99	0.025	3	0.42	1.74	240	238.26	2	0.6	0.021
PB_sand	4.1	5	5	3	4	2.9	-4.41	0.011	0.01	1.371	0.015	0.014	0	0.464	3	0.42	1.74	240	238.26	2	0.6	0.463
PB_sand	4.1	5	5	3	4	2.9	-4.41	0.011	0.01	1.371	0.015	0.014	12	0.292	3	0.42	1.74	240	238.26	2	0.6	0.290
PB_sand	4.1	5	5	3	4	2.9	-4.41	0.011	0.01	1.371	0.015	0.014	25	0.142	3	0.42	1.74	240	238.26	2	0.6	0.138
PB_sand	4.1	5	5	3	4	2.9	-4.41	0.011	0.01	1.371	0.015	0.014	37	0.085	3	0.42	1.74	240	238.26	2	0.6	0.080
PB_sand	4.1	5	5	3	4	2.9	-4.41	0.011	0.01	1.371	0.015	0.014	50	0.063	3	0.42	1.74	240	238.26	2	0.6	0.059
PB_sand	4.1	5	5	3	4	2.9	-4.41	0.011	0.01	1.371	0.015	0.014	62	0.019	3	0.42	1.74	240	238.26	2	0.6	0.014
PB_sand	4.1	5	5	3	4	2.9	-4.41	0.011	0.01	1.371	0.015	0.014	73	0.044	3	0.42	1.74	240	238.26	2	0.6	0.040
PB_sand	4.1	5	5	3	4	2.9	-4.41	0.011	0.01	1.371	0.015	0.014	86	0.043	3	0.42	1.74	240	238.26	2	0.6	0.039
PB_sand	4.1	5	5	3	4	2.9	-4.41	0.011	0.01	1.371	0.015	0.014	98	0.027	3	0.42	1.74	240	238.26	2	0.6	0.022
PB_sand	4.1	10	10	1	4	7.5	-0.79	0.028	0.031	1.371	0.038	0.043	0	0.391	3	0.42	1.74	240	238.26	2	0.43	0.391
PB_sand	4.1	10	10	1	4	7.5	-0.79	0.028	0.031	1.371	0.038	0.043	12	0.254	3	0.42	1.74	240	238.26	2	0.6	0.251
PB_sand	4.1	10	10	1	4	7.5	-0.79	0.028	0.031	1.371	0.038	0.043	25	0.162	3	0.42	1.74	240	238.26	2	0.6	0.159
PB_sand	4.1	10	10	1	4	7.5	-0.79	0.028	0.031	1.371	0.038	0.043	37	0.086	3	0.42	1.74	240	238.26	2	0.6	0.082
PB_sand	4.1	10	10	1	4	7.5	-0.79	0.028	0.031	1.371	0.038	0.043	49	0.052	3	0.42	1.74	240	238.26	2	0.6	0.048
PB_sand	4.1	10	10	1	4	7.5	-0.79	0.028	0.031	1.371	0.038	0.043	65	0.041	3	0.42	1.74	240	238.26	2	0.6	0.037
PB_sand	4.1	10	10	1	4	7.5	-0.79	0.028	0.031	1.371	0.038	0.043	78	0.032	3	0.42	1.74	240	238.26	2	0.6	0.027
PB_sand	4.1	10	10	2	4	6	-0.74	0.023	0.022	1.371	0.032	0.030	0	0.375	3	0.42	1.74	240	238.26	2	0.43	0.374
PB_sand	4.1	10	10	2	4	6	-0.74	0.023	0.022	1.371	0.032	0.030	12	0.207	3	0.42	1.74	240	238.26	2	0.6	0.204
PB_sand	4.1	10	10	2	4	6	-0.74	0.023	0.022	1.371	0.032	0.030	25	0.125	3	0.42	1.74	240	238.26	2	0.6	0.121
PB_sand	4.1	10	10	2	4	6	-0.74	0.023	0.022	1.371	0.032	0.030	37	0.076	3	0.42	1.74	240	238.26	2	0.6	0.072
PB_sand	4.1	10	10	2	4	6	-0.74	0.023	0.022	1.371	0.032	0.030	53	0.047	3	0.42	1.74	240	238.26	2	0.6	0.043
PB_sand	4.1	10	10	2	4	6	-0.74	0.023	0.022	1.371	0.032	0.030	65	0.021	3	0.42	1.74	240	238.26	2	0.6	0.016
PB_sand	4.1	10	10	2	4	6	-0.74	0.023	0.022	1.371	0.032	0.030	78	0.035	3	0.42	1.74	240	238.26	2	0.6	0.030
PB_sand	4.1	10	10	3	4	8.2	-0.48	0.03	0.029	1.371	0.041	0.040	0	0.451	3	0.42	1.74	240	238.26	2	0.43	0.451
PB_sand	4.1	10	10	3	4	8.2	-0.48	0.03	0.029	1.371	0.041	0.040	12	0.213	3	0.42	1.74	240	238.26	2	0.6	0.210
PB_sand	4.1	10	10	3	4	8.2	-0.48	0.03	0.029	1.371	0.041	0.040	25	0.141	3	0.42	1.74	240	238.26	2	0.6	0.137
PB_sand	4.1	10	10	3	4	8.2	-0.48	0.03	0.029	1.371	0.041	0.040	37	0.077	3	0.42	1.74	240	238.26	2	0.6	0.073
PB_sand	4.1	10	10	3	4	8.2	-0.48	0.03	0.029	1.371	0.041	0.040	53	0.076	3	0.42	1.74	240	238.26	2	0.6	0.071
PB_sand	4.1	10	10	3	4	8.2	-0.48	0.03	0.029	1.371	0.041	0.040	66	0.040	3	0.42	1.74	240	238.26	2	0.6	0.035
PB_sand	4.1	10	10	3	4	8.2	-0.48	0.03	0.029	1.371	0.041	0.040	78	0.000	3	0.42	1.74	240	238.26	2	0.6	0.000
PB_sand	4.1	20	20	1	4	14.2	-0.25	0.051	0.054	1.371	0.070	0.074	0	0.448	3	0.42	1.74	240	238.26	2	0.6	0.446
PB_sand	4.1	20	20	1	4	14.2	-0.25	0.051	0.054	1.371	0.070	0.074	12	0.287	3	0.42	1.74	240	238.26	2	0.6	0.284
PB_sand	4.1	20	20	1	4	14.2	-0.25	0.051	0.054	1.371	0.070	0.074	25	0.167	3	0.42	1.74	240	238.26	2	0.6	0.163
PB_sand	4.1	20	20	1	4	14.2	-0.25	0.051	0.054	1.371	0.070	0.074	37	0.109	3	0.42	1.74	240	238.26	2	0.6	0.105
PB_sand	4.1	20	20	1	4	14.2	-0.25	0.051	0.054	1.371	0.070	0.074	49	0.067	3	0.42	1.74	240	238.26	2	0.6	0.063
PB_sand	4.1	20	20	1	4	14.2	-0.25	0.051	0.054	1.371	0.070	0.074	61	0.016	3	0.42	1.74	240	238.26	2	0.6	0.011
PB_sand	4.1	20	20	2	4	14.2	-0.19	0.051	0.054	1.371	0.070	0.074	0	0.493	3	0.42	1.74	240	238.26	2	0.6	0.492
PB_sand	4.1	20	20	2	4	14.2	-0.19	0.051	0.054	1.371	0.070	0.074	12	0.259	3	0.42	1.74	240	238.26	2	0.6	0.256
PB_sand	4.1	20	20	2	4	14.2	-0.19	0.051	0.054	1.371	0.070	0.074	25	0.162	3	0.42	1.74	240	238.26	2	0.6	0.158
PB_sand	4.1	20	20	2	4	14.2	-0.19	0.051	0.054	1.371	0.070	0.074	37	0.102	3	0.42	1.74	240	238.26	2	0.6	0.098
PB_sand	4.1	20	20	2	4	14.2	-0.19	0.051	0.054	1.371	0.070	0.074	49	0.084	3	0.42	1.74	240	238.26	2	0.6	0.079
PB_sand	4.1	20	20	2	4	14.2	-0.19	0.051	0.054	1.371	0.070	0.074	61	0.032	3	0.42	1.74	240	238.26	2	0.6	0.027
PB_sand	4.1	20	20	2	4	14.2	-0.19	0.051	0.054	1.371	0.070	0.074	69	0.048	3	0.42	1.74	240	238.26	2	0.6	0.043
PB_sand	4.1	20	20	2	4	14.2	-0.19	0.051	0.054	1.371	0.070	0.074	79	0.039	3	0.42	1.74	240	238.26	2	0.6	0.034
PB_sand	4.1	20	20	3	4	15.5	-0.22	0.056	0.059	1.371	0.077	0.081	0	0.467	3	0.42	1.74	240	238.26	2	0.6	0.466
PB_sand	4.1	20	20	3	4	15.5	-0.22	0.056	0.059	1.371	0.077	0.081	12	0.301	3	0.42	1.74	240	238.26	2	0.6	0.298
PB_sand	4.1	20	20	3	4	15.5	-0.22	0.056	0.059	1.371	0.077	0.081	25	0.154	3	0.42	1.74	240	238.26	2	0.6	0.150
PB_sand	4.1	20	20	3	4	15.5	-0.22	0.056	0.059	1.371	0.077	0.081	37	0.107	3	0.42	1.74	240	238.26	2	0.6	0.103
PB_sand	4.1	20	20	3	4	15.5	-0.22	0.056	0.059	1.371	0.077	0.081	49	0.048	3	0.42	1.74	240	238.26	2	0.6	0.043
PB_sand	4.1	20	20	3	4	15.5	-0.22	0.056	0.059	1.371	0.077	0.081	61	0.052	3	0.42	1.74	240	238.26	2	0.6	0.047
PB_sand	4.1	20	20	3	4	15.5	-0.22	0.056	0.059	1.371	0.077	0.081	69	0.052	3	0.42	1.74	240	238.26	2	0.6	0.048
PB_sand	4.1	20	20	3	4	15.5	-0.22	0.056	0.059	1.371	0.077	0.081	79	0.046	3	0.42	1.74	240	238.26	2	0.6	0.042
PB_sand	4.1	30	30	1	4	24.9	-0.26	0.086	0.094	1.371	0.118	0.129	0	0.474	3	0.42	1.74	240	238.26	2	0.6	0.473
PB_sand	4.1	30	30	1	4	24.9	-0.26	0.086	0.094	1.371	0.118	0.129	14	0.353	3	0.42	1.74	240	238.26	2	0.55	0.351
PB_sand	4.1	30	30	1	4	24.9	-0.26	0.086	0.094	1.371	0.118	0.129	27	0.146	3	0.42	1.74	240	238.26	2	0.55	0.142
PB_sand	4.1	30	30	1	4	24.9	-0.26	0.086	0.094	1.371	0.118	0.129	40	0.111	3	0.42	1.74	240	238.26	2	0.55	0.107
PB_sand	4.1	30	30	1	4	24.9	-0.26	0.086	0.094	1.371	0.118	0.129	52	0.084	3	0.42	1.74	240	238.26	2	0.55	0.080
PB_sand	4.1	30	30	1	4	24.9	-0.26	0.086	0.094	1.371	0.118	0.129	65	0.040	3	0.42	1.74	240	238.26	2	0.55	0.036
PB_sand	4.1	30	30	1	4	24.9	-0.26	0.086	0.094	1.371	0.118	0.129	79	0.057	3	0.42	1.74	240	238.26	2	0.55	0.053
PB_sand	4.1	30	30	1	4	24.9	-0.26	0.086	0.094	1.371	0.118	0.129	94	0.034	3	0.42	1.74	240	238.26	2	0.55	0.029
PB_sand	4.1	30	30	1	4	24.9	-0.26	0.086	0.094	1.371	0.118	0.129	110	0.023	3	0.42	1.74	240	238.26	2	0.55	0.019
PB_sand	4.1	30	30	2	4	25.4	-0.19	0.088	0.097	1.371	0.121	0.133	0	0.489	3	0.42	1.74	240	238.26	2	0.6	0.488
PB_sand	4.1	30	30	2	4	25.4	-0.19	0.088	0.097	1.371	0.121	0.133	13	0.356	3	0.42	1.74	240	238.26	2	0.55	0.355
PB_sand	4.1	30	30	2	4	25.4	-0.19	0.088	0.097	1.371	0.121	0.133	26	0.249	3	0.42	1.74	240	238.26	2	0.55	0.246
PB_sand	4.1	30	30	2	4	25.4	-0.19	0.088	0.097	1.371	0.121	0.133	39	0.122	3	0.42	1.74	240	238.26	2	0.55	0.118
PB_sand	4.1	30	30	2	4	25.4	-0.19	0.088	0.097	1.371	0.121	0.133	51	0.097	3	0.42	1.74	240	238.26	2	0.55	0.093
PB_sand	4.1	30	30	2	4	25.4	-0.19	0.088	0.097	1.371	0.121	0.133	64	0.058	3	0.42	1.74	240	238.26	2	0.55	0.054
PB_sand	4.1	30	30	2	4	25.4	-0.19	0.088	0.097	1.371	0.121	0.133	78	0.026	3	0.42	1.74	240	238.26	2	0.55	0.021
PB_sand	4.1	30	30	2	4	25.4	-0.19	0.088	0.097	1.371	0.121	0.133	93	0.021	3	0.42	1.74	240	238.26	2	0.55	0.017
PB_sand	4.1	30	30	2	4	25.4	-0.19	0.088	0.097	1.371	0.121	0.133	109	0.031	3	0.42	1.74	240	238.26	2	0.55	0.027
PB_sand	4.1	30	30	3	4	25.5	-0.22	0.088	0.097	1.371	0.121	0.133	0	0.442	3	0.42	1.74	240	238.26	2	0.6	0.441
PB_sand	4.1	30	30	3	4	25.5	-0.22	0.088	0.097	1.371	0.121	0.133	12	0.318	3	0.42	1.74	240	238.26	2	0.55	0.316
PB_sand	4.1	30	30	3	4	25.5	-0.22	0.088	0.097	1.371	0.121	0.133	25	0.179	3	0.42	1.74	240	238.26	2	0.55	0.176
PB_sand	4.1	30	30	3	4	25.5	-0.22	0.088	0.097	1.371	0.121	0.133	38	0.127	3	0.42	1.74	240	238.26	2	0.55	0.123
PB_sand	4.1	30	30	3	4	25.5	-0.22	0.088	0.097	1.371	0.121	0.133	51	0.063	3	0.42	1.74	240	238.26	2	0.55	0.059
PB_sand	4.1	30	30	3	4	25.5	-0.22	0.088	0.097	1.371	0.121	0.133	65	0.068	3	0.42	1.74	240	238.26	2	0.55	0.064
PB_sand	4.1	30	30	3	4	25.5	-0.22	0.088	0.097	1.371	0.121	0.133	78	0.052	3	0.42	1.74	240	238.26	2	0.55	0.047
PB_sand	4.1	30	30	3	4	25.5	-0.22	0.088	0.097	1.371	0.121	0.133	93	0.058	3	0.42	1.74	240	238.26	2	0.55	0.054
PB_sand	4.1	30	30	3	4	25.5	-0.22	0.088	0.097	1.371	0.121	0.133	108	0.029	3	0.42	1.74	240	238.26	2	0.55	0.025
PB_sand	4.1	40	40	1	4	33.9	-0.16	0.114	0.122	1.371	0.156	0.167	0	0.396	3	0.42	1.74	240	238.26	2	0.6	0.394
PB_sand	4.1	40	40	1	4	33.9	-0.16	0.114	0.122	1.371	0.156	0.167	14	0.275	3	0.42	1.74	240	238.26	2	0.5	0.273
PB_sand	4.1	40	40	1	4	33.9	-0.16	0.114	0.122	1.371	0.156	0.167	26	0.140	3	0.42	1.74	240	238.26	2	0.5	0.137
PB_sand	4.1	40	40	1	4	33.9	-0.16	0.114	0.122	1.371	0.156	0.167	39	0.095	3	0.42	1.74	240	238.26	2	0.5	0.092
PB_sand	4.1	40	40	1	4	33.9	-0.16	0.114	0.122	1.371	0.156	0.167	53	0.057	3	0.42	1.74	240	238.26	2	0.5	0.053
PB_sand	4.1	40	40	1	4	33.9	-0.16	0.114	0.122	1.371	0.156	0.167	68	0.055	3	0.42	1.74	240	238.26	2	0.5	0.051
PB_sand	4.1	40	40	2	4	31.6	-0.17	0.107	0.113	1.371	0.147	0.155	0	0.460	3	0.42	1.74	240	238.26	2	0.6	0.459
PB_sand	4.1	40	40	2	4	31.6	-0.17	0.107	0.113	1.371	0.147	0.155	13	0.278	3	0.42	1.74	240	238.26	2	0.5	0.276
PB_sand	4.1	40	40	2	4	31.6	-0.17	0.107	0.113	1.371	0.147	0.155	25	0.181	3	0.42	1.74	240	238.26	2	0.5	0.178
PB_sand	4.1	40	40	2	4	31.6	-0.17	0.107	0.113	1.371	0.147	0.155	38	0.116	3	0.42	1.74	240	238.26	2	0.5	0.113
PB_sand	4.1	40	40	2	4	31.6	-0.17	0.107	0.113	1.371	0.147	0.155	52	0.041	3	0.42	1.74	240	238.26	2	0.5	0.037
PB_sand	4.1	40	40	2	4	31.6	-0.17	0.107	0.113	1.371	0.147	0.155	67	0.039	3	0.42	1.74	240	238.26	2	0.5	0.035
PB_sand	4.1	40	40	2	4	31.6	-0.17	0.107	0.113	1.371	0.147	0.155	81	0.047	3	0.42	1.74	240	238.26	2	0.5	0.043
PB_sand	4.1	40	40	2	4	31.6	-0.17	0.107	0.113	1.371	0.147	0.155	95	0.023	3	0.42	1.74	240	238.26	2	0.5	0.019
PB_sand	4.1	40	40	3	4	31	-0.16	0.118	0.125	1.371	0.162	0.171	0	0.483	3	0.42	1.74	240	238.26	2	0.6	0.482
PB_sand	4.1	40	40	3	4	31	-0.16	0.118	0.125	1.371	0.162	0.171	12	0.289	3	0.42	1.74	240	238.26	2	0.5	0.287
PB_sand	4.1	40	40	3	4	31	-0.16	0.118	0.125	1.371	0.162	0.171	25	0.172	3	0.42	1.74	240	238.26	2	0.5	0.169
PB_sand	4.1	40	40	3	4	31	-0.16	0.118	0.125	1.371	0.162	0.171	37	0.160	3	0.42	1.74	240	238.26	2	0.5	0.157
PB_sand	4.1	40	40	3	4	31	-0.16	0.118	0.125	1.371	0.162	0.171	51	0.094	3	0.42	1.74	240	238.26	2	0.5	0.091
PB_sand	4.1	40	40	3	4	31	-0.16	0.118	0.125	1.371	0.162	0.171	67	0.058	3	0.42	1.74	240	238.26	2	0.5	0.054
PB_sand	4.1	40	40	3	4	31	-0.16	0.118	0.125	1.371	0.162	0.171	80	0.056	3	0.42	1.74	240	238.26	2	0.5	0.053
PB_sand	4.1	40	40	3	4	31	-0.16	0.118	0.125	1.371	0.162	0.171	94	0.034	3	0.42	1.74	240	238.26	2	0.6	0.029
PB_sand	4.1	70	70	1	4	59.3	-0.26	0.188	0.231	1.371	0.258	0.317	0	0.463	3	0.42	1.74	240	238.26	2	0.6	0.462
PB_sand	4.1	70	70	1	4	59.3	-0.26	0.188	0.231	1.371	0.258	0.317	14	0.315	3	0.42	1.74	240	238.26	2	0.6	0.312
PB_sand	4.1	70	70	1	4	59.3	-0.26	0.188	0.231	1.371	0.258	0.317	28	0.179	3	0.42	1.74	240	238.26	2	0.6	0.175
PB_sand	4.1	70	70	1	4	59.3	-0.26	0.188	0.231	1.371	0.258	0.317	42	0.137	3	0.42	1.74	240	238.26	2	0.6	0.133
PB_sand	4.1	70	70	1	4	59.3	-0.26	0.188	0.231	1.371	0.258	0.317	56	0.086	3	0.42	1.74	240	238.26	2	0.6	0.081
PB_sand	4.1	70	70	1	4	59.3	-0.26	0.188	0.231	1.371	0.258	0.317	70	0.086	3	0.42	1.74	240	238.26	2	0.6	0.081
PB_sand	4.1	70	70	1	4	59.3	-0.26	0.188	0.231	1.371	0.258	0.317	89	0.006	3	0.42	1.74	240	238.26	2	0.6	0.001
PB_sand	4.1	70	70	2	4	58.3	-0.26	0.187	0.23	1.371	0.256	0.315	0	0.445	3	0.42	1.74	240	238.26	2	0.6	0.444
PB_sand	4.1	70	70	2	4	58.3	-0.26	0.187	0.23	1.371	0.256	0.315	13	0.345	3	0.42	1.74	240	238.26	2	0.6	0.343
PB_sand	4.1	70	70	2	4	58.3	-0.26	0.187	0.23	1.371	0.256	0.315	27	0.177	3	0.42	1.74	240	238.26	2	0.6	0.173
PB_sand	4.1	70	70	2	4	58.3	-0.26	0.187	0.23	1.371	0.256	0.315	41	0.145	3	0.42	1.74	240	238.26	2	0.6	0.141
PB_sand	4.1	70	70	2	4	58.3	-0.26	0.187	0.23	1.371	0.256	0.315	55	0.139	3	0.42	1.74	240	238.26	2	0.6	0.135
PB_sand	4.1	70	70	2	4	58.3	-0.26	0.187	0.23	1.371	0.256	0.315	69	0.097	3	0.42	1.74	240	238.26	2	0.6	0.092
PB_sand	4.1	70	70	2	4	58.3	-0.26	0.187	0.23	1.371	0.256	0.315	93	0.075	3	0.42	1.74	240	238.26	2	0.6	0.071
PB_sand	4.1	70	70	2	4	58.3	-0.26	0.187	0.23	1.371	0.256	0.315	110	0.016	3	0.42	1.74	240	238.26	2	0.6	0.011
PB_sand	4.1	70	70	3	4	60.6	-0.27	0.204	0.256	1.371	0.280	0.351	0	0.451	3	0.42	1.74	240	238.26	2	0.6	0.450
PB_sand	4.1	70	70	3	4	60.6	-0.27	0.204	0.256	1.371	0.280	0.351	13	0.385	3	0.42	1.74	240	238.26	2	0.6	0.383
PB_sand	4.1	70	70	3	4	60.6	-0.27	0.204	0.256	1.371	0.280	0.351	26	0.270	3	0.42	1.74	240	238.26	2	0.6	0.267
PB_sand	4.1	70	70	3	4	60.6	-0.27	0.204	0.256	1.371	0.280	0.351	40	0.172	3	0.42	1.74	240	238.26	2	0.6	0.168
PB_sand	4.1	70	70	3	4	60.6	-0.27	0.204	0.256	1.371	0.280	0.351	54	0.130	3	0.42	1.74	240	238.26	2	0.6	0.127
PB_sand	4.1	70	70	3	4	60.6	-0.27	0.204	0.256	1.371	0.280	0.351	68	0.093	3	0.42	1.74	240	238.26	2	0.6	0.089
PB_sand	4.1	70	70	3	4	60.6	-0.27	0.204	0.256	1.371	0.280	0.351	97	0.071	3	0.42	1.74	240	238.26	2	0.6	0.066
PB_sand	4.1	70	70	3	4	60.6	-0.27	0.204	0.256	1.371	0.280	0.351	116	0.024	3	0.42	1.74	240	238.26	2	0.6	0.019
PB_sand	4.1	80	80	1	2	83.5	0	0.241	0.317	1.371	0.330	0.435	0	0.600	1.5	0.42	0.87	240	239.13	2	0.6	0.600
PB_sand	4.1	80	80	1	2	83.5	0	0.241	0.317	1.371	0.330	0.435	14	0.475	1.5	0.42	0.87	240	239.13	2	0.6	0.474
PB_sand	4.1	80	80	1	2	83.5	0	0.241	0.317	1.371	0.330	0.435	27	0.453	1.5	0.42	0.87	240	239.13	2	0.6	0.451
PB_sand	4.1	80	80	1	2	83.5	0	0.241	0.317	1.371	0.330	0.435	46	0.398	1.5	0.42	0.87	240	239.13	2	0.6	0.397
PB_sand	4.1	80	80	1	2	83.5	0	0.241	0.317	1.371	0.330	0.435	65	0.372	1.5	0.42	0.87	240	239.13	2	0.6	0.370
PB_sand	4.1	80	80	1	2	83.5	0	0.241	0.317	1.371	0.330	0.435	77	0.360	1.5	0.42	0.87	240	239.13	2	0.6	0.358
PB_sand	4.1	80	80	1	2	83.5	0	0.241	0.317	1.371	0.330	0.435	87	0.308	1.5	0.42	0.87	240	239.13	2	0.6	0.305
PB_sand	4.1	80	80	1	2	83.5	0	0.241	0.317	1.371	0.330	0.435	114	0.223	1.5	0.42	0.87	240	239.13	2	0.6	0.220
PB_sand	4.1	80	80	1	2	83.5	0	0.241	0.317	1.371	0.330	0.435	142	0.194	1.5	0.42	0.87	240	239.13	2	0.6	0.191
PB_sand	4.1	80	80	1	2	83.5	0	0.241	0.317	1.371	0.330	0.435	171	0.160	1.5	0.42	0.87	240	239.13	2	0.6	0.157
PB_sand	4.1	80	80	1	2	83.5	0	0.241	0.317	1.371	0.330	0.435	220	0.152	1.5	0.42	0.87	240	239.13	2	0.6	0.148
PB_sand	4.1	80	80	1	2	83.5	0	0.241	0.317	1.371	0.330	0.435	231	0.112	1.5	0.42	0.87	240	239.13	2	0.6	0.108
PB_sand	4.1	80	80	1	2	83.5	0	0.241	0.317	1.371	0.330	0.435	253	0.091	1.5	0.42	0.87	240	239.13	2	0.6	0.087
PB_sand	4.1	80	80	2	2	82.6	0	0.239	0.314	1.371	0.328	0.430	0	0.514	1.5	0.42	0.87	240	239.13	2	0.6	0.513
PB_sand	4.1	80	80	2	2	82.6	0	0.239	0.314	1.371	0.328	0.430	13	0.480	1.5	0.42	0.87	240	239.13	2	0.6	0.479
PB_sand	4.1	80	80	2	2	82.6	0	0.239	0.314	1.371	0.328	0.430	26	0.466	1.5	0.42	0.87	240	239.13	2	0.6	0.465
PB_sand	4.1	80	80	2	2	82.6	0	0.239	0.314	1.371	0.328	0.430	45	0.364	1.5	0.42	0.87	240	239.13	2	0.6	0.362
PB_sand	4.1	80	80	2	2	82.6	0	0.239	0.314	1.371	0.328	0.430	64	0.241	1.5	0.42	0.87	240	239.13	2	0.6	0.238
PB_sand	4.1	80	80	2	2	82.6	0	0.239	0.314	1.371	0.328	0.430	86	0.213	1.5	0.42	0.87	240	239.13	2	0.6	0.210
PB_sand	4.1	80	80	2	2	82.6	0	0.239	0.314	1.371	0.328	0.430	115	0.201	1.5	0.42	0.87	240	239.13	2	0.6	0.198
PB_sand	4.1	80	80	2	2	82.6	0	0.239	0.314	1.371	0.328	0.430	141	0.157	1.5	0.42	0.87	240	239.13	2	0.6	0.153
PB_sand	4.1	80	80	2	2	82.6	0	0.239	0.314	1.371	0.328	0.430	183	0.142	1.5	0.42	0.87	240	239.13	2	0.6	0.138
PB_sand	4.1	80	80	2	2	82.6	0	0.239	0.314	1.371	0.328	0.430	216	0.084	1.5	0.42	0.87	240	239.13	2	0.6	0.080
PB_sand	4.1	80	80	2	2	82.6	0	0.239	0.314	1.371	0.328	0.430	245	0.081	1.5	0.42	0.87	240	239.13	2	0.6	0.076
PB_sand	4.1	80	80	3	2	83	0	0.24	0.315	1.371	0.329	0.432	0	0.578	1.5	0.42	0.87	240	239.13	2	0.6	0.578
PB_sand	4.1	80	80	3	2	83	0	0.24	0.315	1.371	0.329	0.432	13	0.453	1.5	0.42	0.87	240	239.13	2	0.6	0.452
PB_sand	4.1	80	80	3	2	83	0	0.24	0.315	1.371	0.329	0.432	25	0.468	1.5	0.42	0.87	240	239.13	2	0.6	0.466
PB_sand	4.1	80	80	3	2	83	0	0.24	0.315	1.371	0.329	0.432	45	0.390	1.5	0.42	0.87	240	239.13	2	0.6	0.389
PB_sand	4.1	80	80	3	2	83	0	0.24	0.315	1.371	0.329	0.432	63	0.342	1.5	0.42	0.87	240	239.13	2	0.6	0.340
PB_sand	4.1	80	80	3	2	83	0	0.24	0.315	1.371	0.329	0.432	86	0.273	1.5	0.42	0.87	240	239.13	2	0.6	0.270
PB_sand	4.1	80	80	3	2	83	0	0.24	0.315	1.371	0.329	0.432	115	0.168	1.5	0.42	0.87	240	239.13	2	0.6	0.165
PB_sand	4.1	80	80	3	2	83	0	0.24	0.315	1.371	0.329	0.432	139	0.142	1.5	0.42	0.87	240	239.13	2	0.6	0.138
PB_sand	4.1	80	80	3	2	83	0	0.24	0.315	1.371	0.329	0.432	186	0.097	1.5	0.42	0.87	240	239.13	2	0.6	0.092
PB_sand	4.1	80	80	3	2	83	0	0.24	0.315	1.371	0.329	0.432	215	0.062	1.5	0.42	0.87	240	239.13	2	0.6	0.058
PB_sand	4.1	80	80	3	2	83	0	0.24	0.315	1.371	0.329	0.432	244	0.068	1.5	0.42	0.87	240	239.13	2	0.6	0.063
PB_sand	4.1	90	90	1	2	82.9	0	0.239	0.315	1.371	0.328	0.432	0	0.472	1.5	0.42	0.87	240	239.13	2	0.6	0.471
PB_sand	4.1	90	90	1	2	82.9	0	0.239	0.315	1.371	0.328	0.432	8	0.483	1.5	0.42	0.87	240	239.13	2	0.6	0.482
PB_sand	4.1	90	90	1	2	82.9	0	0.239	0.315	1.371	0.328	0.432	17	0.438	1.5	0.42	0.87	240	239.13	2	0.6	0.437
PB_sand	4.1	90	90	1	2	82.9	0	0.239	0.315	1.371	0.328	0.432	34	0.523	1.5	0.42	0.87	240	239.13	2	0.6	0.523
PB_sand	4.1	90	90	1	2	82.9	0	0.239	0.315	1.371	0.328	0.432	47	0.376	1.5	0.42	0.87	240	239.13	2	0.6	0.374
PB_sand	4.1	90	90	1	2	82.9	0	0.239	0.315	1.371	0.328	0.432	57	0.396	1.5	0.42	0.87	240	239.13	2	0.6	0.394
PB_sand	4.1	90	90	1	2	82.9	0	0.239	0.315	1.371	0.328	0.432	82	0.374	1.5	0.42	0.87	240	239.13	2	0.6	0.373
PB_sand	4.1	90	90	1	2	82.9	0	0.239	0.315	1.371	0.328	0.432	110	0.344	1.5	0.42	0.87	240	239.13	2	0.6	0.342
PB_sand	4.1	90	90	1	2	82.9	0	0.239	0.315	1.371	0.328	0.432	137	0.288	1.5	0.42	0.87	240	239.13	2	0.6	0.285
PB_sand	4.1	90	90	1	2	82.9	0	0.239	0.315	1.371	0.328	0.432	172	0.251	1.5	0.42	0.87	240	239.13	2	0.6	0.248
PB_sand	4.1	90	90	1	2	82.9	0	0.239	0.315	1.371	0.328	0.432	193	0.251	1.5	0.42	0.87	240	239.13	2	0.6	0.249
PB_sand	4.1	90	90	1	2	82.9	0	0.239	0.315	1.371	0.328	0.432	231	0.237	1.5	0.42	0.87	240	239.13	2	0.6	0.234
PB_sand	4.1	90	90	1	2	82.9	0	0.239	0.315	1.371	0.328	0.432	363	0.143	1.5	0.42	0.87	240	239.13	2	0.6	0.140
PB_sand	4.1	90	90	2	4	89.3	0	0.253	0.339	1.371	0.347	0.465	0	0.465	3	0.42	1.74	240	238.26	2	0.6	0.463
PB_sand	4.1	90	90	2	4	89.3	0	0.253	0.339	1.371	0.347	0.465	10	0.419	3	0.42	1.74	240	238.26	2	0.6	0.417
PB_sand	4.1	90	90	2	4	89.3	0	0.253	0.339	1.371	0.347	0.465	18	0.415	3	0.42	1.74	240	238.26	2	0.6	0.413
PB_sand	4.1	90	90	2	4	89.3	0	0.253	0.339	1.371	0.347	0.465	25	0.424	3	0.42	1.74	240	238.26	2	0.6	0.423
PB_sand	4.1	90	90	2	4	89.3	0	0.253	0.339	1.371	0.347	0.465	47	0.356	3	0.42	1.74	240	238.26	2	0.6	0.354
PB_sand	4.1	90	90	2	4	89.3	0	0.253	0.339	1.371	0.347	0.465	57	0.386	3	0.42	1.74	240	238.26	2	0.6	0.384
PB_sand	4.1	90	90	2	4	89.3	0	0.253	0.339	1.371	0.347	0.465	83	0.342	3	0.42	1.74	240	238.26	2	0.6	0.340
PB_sand	4.1	90	90	2	4	89.3	0	0.253	0.339	1.371	0.347	0.465	111	0.341	3	0.42	1.74	240	238.26	2	0.6	0.339
PB_sand	4.1	90	90	2	4	89.3	0	0.253	0.339	1.371	0.347	0.465	138	0.391	3	0.42	1.74	240	238.26	2	0.6	0.389
PB_sand	4.1	90	90	2	4	89.3	0	0.253	0.339	1.371	0.347	0.465	172	0.293	3	0.42	1.74	240	238.26	2	0.6	0.291
PB_sand	4.1	90	90	2	4	89.3	0	0.253	0.339	1.371	0.347	0.465	193	0.287	3	0.42	1.74	240	238.26	2	0.6	0.284
PB_sand	4.1	90	90	2	4	89.3	0	0.253	0.339	1.371	0.347	0.465	231	0.221	3	0.42	1.74	240	238.26	2	0.6	0.217
PB_sand	4.1	90	90	2	4	89.3	0	0.253	0.339	1.371	0.347	0.465	364	0.125	3	0.42	1.74	240	238.26	2	0.6	0.121
PB_sand	4.1	air-dried	air-dried	1	4	0.8	-118.89	0.0045	0.0045	1.371	0.006	0.006	0	0.495	3	0.42	1.74	240	238.26	2	0.6	0.494
PB_sand	4.1	air-dried	air-dried	1	4	0.8	-118.89	0.0045	0.0045	1.371	0.006	0.006	18	0.529	3	0.42	1.74	240	238.26	2	0.5	0.529
PB_sand	4.1	air-dried	air-dried	1	4	0.8	-118.89	0.0045	0.0045	1.371	0.006	0.006	33	0.497	3	0.42	1.74	240	238.26	2	0.5	0.497
PB_sand	4.1	air-dried	air-dried	1	4	0.8	-118.89	0.0045	0.0045	1.371	0.006	0.006	60	0.511	3	0.42	1.74	240	238.26	2	0.5	0.511
PB_sand	4.1	air-dried	air-dried	2	4	0.8	-120.69	0.0042	0.0042	1.371	0.006	0.006	0	0.518	3	0.42	1.74	240	238.26	2	0.6	0.517
PB_sand	4.1	air-dried	air-dried	2	4	0.8	-120.69	0.0042	0.0042	1.371	0.006	0.006	16	0.534	3	0.42	1.74	240	238.26	2	0.5	0.535
PB_sand	4.1	air-dried	air-dried	2	4	0.8	-120.69	0.0042	0.0042	1.371	0.006	0.006	32	0.502	3	0.42	1.74	240	238.26	2	0.5	0.502
PB_sand	4.1	air-dried	air-dried	2	4	0.8	-120.69	0.0042	0.0042	1.371	0.006	0.006	58	0.521	3	0.42	1.74	240	238.26	2	0.5	0.522
PB_sand	4.1	air-dried	air-dried	3	4	0.8	-121.3	0.0039	0.0039	1.371	0.005	0.005	0	0.464	3	0.42	1.74	240	238.26	2	0.6	0.463
PB_sand	4.1	air-dried	air-dried	3	4	0.8	-121.3	0.0039	0.0039	1.371	0.005	0.005	15	0.465	3	0.42	1.74	240	238.26	2	0.5	0.464
PB_sand	4.1	air-dried	air-dried	3	4	0.8	-121.3	0.0039	0.0039	1.371	0.005	0.005	31	0.476	3	0.42	1.74	240	238.26	2	0.5	0.475
PB_sand	4.1	air-dried	air-dried	3	4	0.8	-121.3	0.0039	0.0039	1.371	0.005	0.005	57	0.486	3	0.42	1.74	240	238.26	2	0.5	0.486