gene_id	gene_length	16%	24%	40%	6%
contig_73329_2	552	0	3.6777	0	0
contig_686671_1	1242	0	0	0	0
contig_392881_3	576	0	0	0.5416	0.2128
contig_443746_2	1044	0	0	0	0
contig_559288_1	753	0	0	2.6929	0
contig_47519_1	1077	0	0	0	0
contig_186115_1	1110	0	0	0	0
contig_237053_1	639	0	0	0	0
contig_622975_1	489	0	0	0	0
contig_347887_2	1791	0	0	0	0
contig_469713_1	978	0	0	0	0
contig_551351_2	564	0	0	0	0
contig_520410_1	1209	0	0	0	0
contig_2532_1	1350	0	0	0	0
contig_411754_1	939	0	0	0	0
contig_353680_2	1629	0	0	0.6703	0
contig_296186_1	1206	0	0	0	0
contig_483609_1	861	0	0	0	0
contig_80711_1	1371	0	0	0.4551	0
contig_210182_9	1119	0	1.8142	0	0
contig_439388_2	636	0	0	0	0
contig_172372_2	885	0	0	0	0
contig_435275_2	1086	0	0	0	0
contig_185640_1	1038	0	0	0.0751	3.542
contig_417938_1	963	0	0	0	0
contig_725668_1	831	0	0	0.7508	0
contig_24378_3	1242	0	0	0	0
contig_708682_1	750	0	0	2.2878	0
contig_435226_2	540	0	2.2557	0	0
contig_614465_1	759	0	0	0	0
contig_399151_1	1140	0	0	0	0
contig_430521_1	1047	0	0	0	0
contig_626881_1	780	2.154	0	0	0
contig_582304_1	1050	0	0	0	0
contig_407102_1	903	0	0	0	0
contig_188082_1	516	0	0	0	0
contig_592080_1	1083	0	0	0	0
contig_53618_2	621	0	0.6538	0	0
contig_586819_1	996	0	0	0	0
contig_309454_1	996	0	0	0	0
contig_486771_1	1377	0	1.7692	1.1328	0
contig_769793_2	930	0	0	0	0
contig_714625_2	1677	0	0	0	0
contig_728497_1	1236	0	0	0	0
contig_35731_1	1149	0	0	0	0.2133
contig_53843_3	855	0	0	0	0
contig_272181_1	1170	0.8206	0	0	1.1522
contig_628741_1	1125	0	1.6241	0.6933	0.8715
contig_254035_1	1131	0	0.718	0	0
contig_236450_2	783	0	0	0	0
contig_604075_2	903	1.5948	0.2248	0	0
contig_126354_2	807	0	0	0	0
contig_301495_3	978	0	0	0	0
contig_678974_1	558	0	0	0	0
contig_484999_8	1128	0	0	1.3828	0
contig_705273_2	774	0	0	0	0
contig_730778_1	1041	0	0	0	0
contig_749112_1	1092	0.6594	0.093	0	0
contig_464009_12	1797	0	0	0	0
contig_53926_2	549	0	0	0	0
contig_164857_1	1122	0	6.3328	0.6256	0
contig_360454_1	936	0	0	0	0
contig_597402_5	1056	0	0	0	0
contig_399155_2	1518	0	0.0669	0	0
contig_751148_1	1140	0	0	1.3683	0
contig_527351_6	1689	0	0	0	0
contig_111137_1	933	0	0	0	0
contig_238869_1	1707	0	0	0	0
contig_614591_2	744	0	4.0929	0	0
contig_169061_1	1182	0	0	0	0
contig_480081_3	1431	0	0	0	0
contig_315818_2	1182	0	0.9446	0	0
contig_530871_2	783	0	0	0	0
contig_286001_3	1800	0	0	0	0
contig_347635_2	480	0	0	0	0
contig_764769_9	1791	0	0	0	0
contig_504608_3	720	0	0	0	0
contig_640065_4	795	0	3.3197	0	0
contig_187896_5	963	0	0	0	0
contig_338617_2	1110	0	0	0	0
contig_171146_2	804	0	0	0	0
contig_720015_1	1044	0	0	0	0
contig_721259_3	606	0	3.015	0	0
contig_170049_1	1266	0	0	0	0
contig_716018_2	1779	0	0	0	0
contig_407865_2	501	0	0	0	0
contig_778302_2	1059	0	0	0	1.273
contig_741380_1	1098	0	0	0	0
contig_134867_1	633	0	0	0	0
contig_160233_1	699	0	0	0	0
contig_662429_1	804	0	0	0	0
contig_538802_2	1812	0	0	0	0
contig_776363_2	894	0	0	0.6107	0
contig_323689_1	954	0	0	0.0818	0
contig_449466_1	1287	0	0	1.2726	0
contig_569628_1	588	0	0	0	0
contig_12126_1	1209	0	0	0	0
contig_271367_1	1128	0	0	0	0
contig_175611_2	789	0	0.6433	0	0
contig_297609_2	594	1.6163	0	0	0
contig_578650_1	792	0	0	0	0
contig_92024_2	1806	0	0	0	0
contig_768905_1	1122	0	0	0	0
contig_551402_2	816	0	0	0	0
contig_227185_1	1134	0	0	0	0
contig_759539_2	1128	0	0	0	0
contig_143225_5	1809	0	0	0.8623	0
contig_551956_1	630	0	0	0	0
contig_634339_1	1047	0	0	0	0
contig_166588_1	1071	0	0	0	0
contig_414517_1	1797	2.0035	0.113	0.0868	0
contig_625963_1	642	0	0	0	0
contig_9447_1	1047	0	0	0	0
contig_154691_1	975	0	0	0	0
contig_217592_1	1233	0	0.6586	0	1.4909
contig_243321_2	753	0	2.022	0	0
contig_321269_1	759	0	0	0	0
contig_385514_4	468	0.2564	1.3013	0	0.2619
contig_107278_2	1530	0	0	0	0
contig_603226_1	795	0	0	0	0
contig_369157_1	783	0	0	0	0.4696
contig_744268_2	582	0	0	0	0
contig_347702_4	621	0	0	0	0
contig_491894_1	1236	0	0	0	0
contig_326106_1	996	0	0.2038	0	0
contig_375404_2	1293	0	0	0.3619	0
contig_502589_4	1041	0	0	0	0
contig_98320_1	1071	0	0	0	0
contig_182469_2	966	0	0	1.4533	0
contig_261886_2	879	0	0	1.952	0
contig_684689_1	1071	0	0	0	0
contig_222472_1	1125	0	0	0	0
contig_195759_2	1794	0	1.9237	0	0
contig_131678_2	1803	0	1.5763	0	0
contig_678873_1	1203	0	0	0	0
contig_247183_1	1038	0	0	0.9016	2.4794
contig_320171_1	828	0	0	0	0
contig_515599_1	942	0	0	0	0
contig_211677_3	1797	0	0	0.0868	0