gene_id	gene_length	31%	39%	3%	78%
contig_1113077_1	495	0	0	0	0
contig_1029603_4	1053	0	1.7128	0.5942	1.2568
contig_548812_1	621	0	0	0	0
contig_1064389_1	1431	0	0	0	0
contig_550559_1	1002	1.0493	0	0	0
contig_759979_3	1806	0	0	0	0
contig_741393_2	1227	0	0	0.8839	0
contig_960020_1	1506	0	0	0	0
contig_674294_2	990	0	0	0	1.2833
contig_537512_1	1185	0	0	0	0
contig_117161_1	1116	0	0	0	0
contig_175487_2	618	0	3.7767	0	0
contig_335211_1	543	0	0	0	0
contig_337596_4	1845	0	1.2075	0	0
contig_1143301_1	1317	1.0977	4.1486	0	4.341
contig_827940_33	1707	0	0	0	0
contig_9833_1	630	1.1473	0	0	0
contig_983837_1	1605	0	0.3305	0	0
contig_53418_5	2394	0	0	0	0
contig_664121_45	1827	0.5035	1.5678	0	0.6954
contig_465056_1	576	0	0	0.1448	0
contig_20893_1	1170	1.2356	0.272	0.4991	0
contig_246277_1	1107	0	0	0	0
contig_247761_2	711	1.6636	0	0	0.1489
contig_1060114_3	1806	0	0	0	0
contig_530339_2	663	0	0	0	0
contig_430056_1	960	0	0	0	0
contig_389380_2	1542	3.1535	3.5432	1.1091	1.7165
contig_485332_1	588	0	0	0	0
contig_337537_1	1524	0	0	0	0
contig_176417_2	1794	0	0	0	0
contig_928470_1	552	0	0	0	0
contig_579495_2	621	0	0	0	0
contig_560793_1	1284	3.4801	1.5699	2.534	1.2368
contig_429962_1	1866	0	0	0	0.6241
contig_419568_1	714	0	0	0	0
contig_91057_22	1287	14.1431	18.8771	44.2737	26.036
contig_176761_10	1815	29.6155	82.33	44.517	26.1616
contig_1168063_1	1140	0	0	0	0
contig_774265_1	1347	0	0	0	0
contig_289352_1	633	0	0	0	0
contig_1064555_5	1800	0.8031	0	0.3708	0.7646
contig_1083153_2	831	0	0	0	0
contig_776699_1	1149	0	0	0	0
contig_719007_9	1803	0	0	0	0
contig_439530_1	1110	0	0	0	0
contig_115428_4	1398	1.8802	1.6695	0.179	0.1136
contig_1059782_2	516	0	0	0	0
contig_855067_1	1326	0.5451	2.0002	0.4719	0
contig_603430_2	492	0	0	0	0
contig_348297_1	1182	1.1119	0	0	0
contig_1006533_1	609	0	0	0	0
contig_343058_2	609	0	0	0	0
contig_932266_2	1434	0	0	0	0
contig_95489_1	1443	0	0	0	0
contig_534868_1	1785	0	0	0	0
contig_817814_1	714	0	0	0	2.3725
contig_39526_1	1752	0	0	0	0
contig_65618_6	1797	0	0	0	0
contig_271487_1	1518	0	0	0	0
contig_750562_2	966	0	0	0	0
contig_484524_2	666	0	0	0	0
contig_164657_1	1470	0.1788	0	0	0
contig_1031486_5	1803	0	0	0	0
contig_456866_1	1530	0	0	0	0
contig_1043829_2	1767	0	0.9006	0	0.2097
contig_18111_1	633	0	0	0	0
contig_212591_3	954	0	0	0	0
contig_312558_2	837	0	0	0	0
contig_866185_1	1011	0	0	0	0
contig_763771_2	981	0	0	0	0
contig_78140_1	564	0	0	0	0
contig_200111_1	1251	0.8404	0	0	0.5078
contig_1139747_4	1815	0	0	0	0
contig_1109459_1	546	0	0	0	0
contig_982749_1	546	0	0	0	0
contig_724559_101	1794	0	0	0	0
contig_839820_3	630	0	0	0	0
contig_1145773_1	1257	0	0	0.0332	0
contig_874219_2	738	0	0.0719	0	1.578
contig_603018_1	834	0	0	0	0
contig_283182_1	495	0	0	0	0
contig_376734_2	780	0	0	0	0
contig_721388_4	1803	0	0	0	0
contig_376734_3	921	0	0	0	0
contig_234443_1	1296	0	0	0	0
contig_1086183_2	1692	1.3593	0.7524	0	0.438
contig_1001019_1	1107	0	0	0	0
contig_624506_2	1368	0	0	0	0
contig_709195_1	720	0	0	0	0
contig_474831_14	1800	1.2047	0	0.2317	1.1469
contig_47699_1	1797	0.0366	0	0	0
contig_1159839_3	765	0	0	0	0
contig_164063_1	960	0	0	0	0
contig_1122726_4	1791	0.0734	0	0	0.7685
contig_956882_1	1083	0	0.2939	2.0799	1.5641
contig_1021851_2	744	0	0.2852	0	0
contig_936598_13	1797	0	0	0	0
contig_1156653_11	1797	0	0	0	0
contig_34845_1	1008	0	1.4735	1.9036	0
contig_221432_1	966	0.6122	0	0	0
contig_835045_5	1800	0	0	0	0
contig_471287_2	972	0	0	0	0
contig_1064441_1	549	0	0	0	0
contig_391229_1	1089	0	0	0	0
contig_314182_2	1818	0	0	0	0
contig_1095939_2	1830	0	0	0	0
contig_181502_3	1068	0	0	0	0
contig_321987_2	1776	0	0	1.5267	0
contig_1081120_2	1827	0	0	0	0
contig_1074046_3	1803	0	0	0	0
contig_1004201_1	672	0	0	0	0
contig_45559_2	1239	0	0	0	0
contig_1167377_1	1056	0	0	0	0
contig_1055556_17	1599	0	0	0	0
contig_354938_1	1224	0	0.5201	0	0
contig_561820_1	1542	0	0	0	0
contig_455989_1	819	0	0	0	0
contig_577001_4	873	0	1.4583	0	1.2734
contig_661980_1	1158	2.9508	4.3517	2.1613	3.2456
contig_70797_10	1176	0.0559	0	0	0
contig_350369_1	1281	0	0	0	0
contig_681744_2	1380	0	0	0	0
contig_887584_1	543	0	0	0.0768	1.1699
contig_271020_1	1023	0	0	0	0
contig_1094925_1	1200	0.7666	0	0	0
contig_1066512_4	1797	0	0	0	0
contig_1018159_4	1107	0	0	0	0
contig_584688_1	705	0	0	0	0
contig_5934_1	1089	1.2068	0	0	0
contig_1158457_3	843	0	0	0	0
contig_1125594_1	1095	0	0	0	0
contig_534406_4	1263	0	0	0	0
contig_524247_2	1788	0	3.1744	0.7465	1.1842
contig_11246_2	738	0	0	0	0
contig_361507_2	909	0	0	0	1.1647
contig_839721_1	1062	1.1756	1.6483	0	0.8474
contig_161223_2	1833	0	0.8103	0	0.0578
contig_1168243_2	738	0.1781	0	0	0
contig_189271_2	1263	0	0	0.0661	0
contig_1106596_15	1833	2.7245	1.5048	0.7737	0
contig_961551_1	573	2.523	5.0916	2.6935	0
contig_177159_2	696	0	0	0	0
contig_501749_1	1035	0	0	0.0403	0
contig_1149870_5	1659	0	0	0	0
contig_369781_1	609	0	0	0	0
contig_364209_1	1473	0	0	0	0
contig_406156_4	1800	0.219	0	0	0
contig_369781_2	921	0	0	0	0
contig_935854_1	1662	0.6326	0	0	0
contig_488954_1	1845	0	0	0	0
contig_255897_23	1221	0	0	0	0
contig_280425_1	1329	0	0	0	0
contig_293683_2	1374	0	1.1968	0	0
contig_243043_2	1809	0	0	0	0
contig_1044375_16	1824	0	0	0	0
contig_617357_2	1218	0	0	0	0
contig_332374_5	1419	0	0	0	0
contig_760136_1	1086	0	0	0	0
contig_480586_6	1797	1.1702	0	0	0
contig_388904_3	1785	0	0	0	0
contig_258431_1	771	0.5114	0.9632	0	0
contig_1006232_1	870	0	0	0	0
contig_587527_1	897	0	0	0	0
contig_263841_1	1086	0	0	0	0
contig_663673_1	609	0	0	0	0
contig_408560_5	1794	0	0	1.0696	0
contig_399321_1	1245	0	0	2.8144	1.0204
contig_272808_5	1800	0.8762	1.7977	0	0.5882
contig_911602_2	654	1.8086	0	1.8497	0
contig_835431_1	1008	0	0	0	0
contig_310332_12	981	4.9568	0	0	1.4569
contig_25213_1	966	0	1.3179	0.7341	0
contig_867545_1	1302	1.3122	0.3667	0	1.0571
contig_541009_7	963	0	0	0	2.4187
contig_501518_1	723	0	0	0	0
contig_356596_1	1101	0	0	0	0
contig_1036787_2	723	0	0	0.8654	0
contig_487250_24	1803	4.7379	2.4125	2.4986	0.411
contig_619962_2	1800	0	0.4715	0	0.8234
contig_30167_2	1803	0	0	0	0
contig_1013929_1	1023	0	0	0	0
contig_970784_1	1638	0	1.2306	0	0
contig_241594_1	987	0	0	0	0
contig_971739_1	750	0	0	0	0
contig_1144081_1	1542	1.9177	0.7912	0	0.5493
contig_971739_2	648	0	0	0	0
contig_788353_2	555	0	0	0	3.4337
contig_1096681_1	1083	0	0	0	0
contig_1003118_6	1803	0.5467	0.4119	0	0
contig_798968_1	1797	0	0.2657	0	0
contig_604216_1	1155	0	0	0.0361	0
contig_43516_3	702	0	0	0	0
contig_360654_1	549	1.1969	0	0	4.2426
contig_971813_13	1797	0	0	0	0.9427
contig_892037_1	1035	0	0	0	0
contig_639304_1	891	0.295	0	0	0
contig_364914_1	1008	0.1304	0	0	0
contig_756685_2	813	0	0	0	0
contig_346081_2	1407	0	0	0	0
contig_19147_1	1080	0	0	0	0
contig_944327_1	1008	0	0	0	0
contig_796068_2	684	0	0	0	0
contig_1168448_1	1149	0	0.0923	0	0.7371
contig_796068_3	633	0	0	0	0
contig_887362_2	1755	5.6913	5.0476	1.1171	8.2646
contig_798072_18	981	0.9378	1.1355	0	7.4466
contig_692682_1	1215	0	0	0	0
contig_20797_1	1263	0.1561	1.638	0	1.3412
contig_95491_1	966	0	1.3179	0	0
contig_958623_1	1350	0	1.2574	0.7416	0
contig_254543_1	531	0	0	0	0.2991
contig_629449_1	1476	0.089	0	0	0
contig_285727_1	810	0	0	0.412	0
contig_967288_8	684	0	0	0	0
contig_309604_2	957	0.5493	0	1.2204	0
contig_327061_14	1830	0	0.6377	0	0
contig_33295_1	1176	0	0	1.2415	0
contig_158182_12	1797	0	0	0	0.4713
contig_817561_1	1080	0	0	1.0042	0
contig_183272_2	1797	0	0.797	0.0232	0
contig_632091_1	780	0	0	0	0
contig_1000415_2	1347	0	1.1814	0	1.3362
contig_673885_2	1413	0	0.8259	0	1.4236
contig_440506_2	639	0	2.9885	0	0
contig_909810_1	1659	0	0	0	0
contig_165256_3	1803	0	0	0	0
contig_879985_3	1578	0	0	0	0
contig_371664_1	795	0	0	0	0
contig_457352_1	621	0	0	0	0
contig_771604_3	663	0	0	0	0
contig_642238_1	1284	1.8936	0.1653	1.1695	0.2474
contig_374636_3	1296	0	0	0	0
contig_303878_1	1800	0.1825	0	0	0
contig_1037775_1	597	0	0	0	0
contig_519757_1	735	0	0	0	0
contig_942461_7	1803	0	0	0	0
contig_560172_2	1089	0.181	0	0	0
contig_2362_2	1797	0.3657	0	2.182	2.3861
contig_226083_2	891	0	0	0	0
contig_597714_2	627	0	0	0	3.5459
contig_525386_1	837	0	0	0	0
contig_178841_31	1803	0.656	0	0	0
contig_80595_1	780	0	0	0.1604	0
contig_214733_2	1605	0.696	1.6195	1.8193	0.3628
contig_476529_6	579	0	0	0	0
contig_1171612_1	603	2.3974	0	7.8861	2.9848
contig_820576_2	1818	0.1807	0	0	0.4659
contig_546639_5	1800	0.8031	0	0	0.1765
contig_135105_7	1800	0	0	0	0
contig_291832_32	921	0	0	0	0
contig_320922_2	1833	0.5019	0.8682	0.8192	0.8664
contig_1033456_3	684	0	0	0	0
contig_1033456_4	915	0	0	0	0
contig_833432_1	495	0	0	0	0
contig_62628_2	1047	0.4393	0	0	0
contig_1110405_1	1356	0.1938	0	0	0
contig_1094491_1	1134	0	2.0582	0.515	0
contig_553791_1	1791	0.8806	0	0.5823	0
contig_47500_1	942	0	0	0	2.6974
contig_49120_1	1041	0	0	0	0
contig_494400_1	1098	0	0	0	0
contig_696819_2	948	0	1.0072	0	0
contig_289589_4	1398	0.8461	0	0	0
contig_553919_2	684	0.9607	0	0	0
contig_480359_5	738	0	0	0	0
contig_61519_26	594	5.0888	1.9646	0	2.8518
contig_858869_1	801	0	0	0	0
contig_292768_21	1815	0	0	0	0
contig_424832_2	945	0	0	0	0
contig_107714_1	1356	0	0	0	0
contig_181563_3	1800	0	0	0	0
contig_1076330_1	1269	0	0	0	1.6686
contig_1038832_1	954	0	0	1.0494	1.2762
contig_674275_1	1275	0	0	0	0
contig_540322_4	702	0	0	0	0
contig_628856_2	1800	0	0	0	0
contig_408024_2	1770	0	0	0.6127	0.0598
contig_1067876_2	801	0	0	0	0
contig_770663_1	648	0	0	0	0
contig_565744_1	756	0	0	0	0
contig_439647_14	1785	0	0	0	0
contig_852155_1	885	0	0	0	0
contig_235679_1	648	0	0	0	0
contig_1123795_2	1662	0	0	0	0
contig_991920_1	813	0	0	0	0
contig_801472_1	891	0	0	0	0
contig_762813_2	1164	0	0.2279	0.43	0.9095
contig_865074_11	1833	1.5057	0	0	0
contig_382600_1	999	2.4338	2.1239	0	0
contig_637202_9	1110	0	0	0	0
contig_45801_1	864	0	0	0	0
contig_272472_1	1806	0	0	0	0
contig_317293_1	1068	1.4767	0	0.7811	0
contig_1053359_1	1791	0.3669	1.2439	0.6056	0.7094
contig_814583_1	1218	0	0	0	0
contig_466680_11	1812	9.7915	19.3505	8.2874	4.2652
contig_23885_16	1803	1.0205	3.0892	1.4807	2.2313
contig_83424_2	1329	0	0.5987	0	0
contig_200671_1	1281	0	0	0	0